148602567 ;2;2819.0;2880.0;-5596.0;420.0;7675.0;-3388.0;-95.0;-191.0;-31.0;198;46;
148602642 ;3;2997.0;1165.0;-5448.0;1235.0;8033.0;-3301.0;21.0;-211.0;11.0;209;193;
148602643 ;4;2040.0;1065.0;-3959.0;1374.0;8283.0;-2400.0;21.0;-211.0;11.0;147;63;
148602643 ;5;2975.0;1025.0;-2080.0;831.0;7790.0;-1640.0;30.0;-208.0;28.0;125;73;
148602644 ;6;4161.0;620.0;83.0;92.0;6879.0;-1036.0;30.0;-208.0;28.0;239;27;
148602644 ;7;4766.0;10.0;1542.0;-625.0;7120.0;-447.0;37.0;-205.0;41.0;45;109;
148602644 ;8;1668.0;199.0;430.0;-858.0;7204.0;116.0;37.0;-205.0;41.0;8;30;
148602659 ;9;-2360.0;1134.0;756.0;-829.0;5754.0;245.0;29.0;-201.0;45.0;29;223;
148602661 ;10;-4544.0;3026.0;2034.0;-1982.0;4006.0;323.0;29.0;-201.0;45.0;235;11;
148602669 ;11;-4735.0;2482.0;1121.0;-3405.0;1537.0;178.0;29.0;-207.0;51.0;161;135;
148602670 ;12;-3528.0;1414.0;64.0;-4131.0;-1013.0;477.0;29.0;-207.0;51.0;92;214;
148602676 ;13;-1260.0;984.0;-885.0;-4268.0;-2950.0;962.0;23.0;-205.0;43.0;146;96;
148602715 ;14;225.0;628.0;-1889.0;-4317.0;-4366.0;1486.0;23.0;-205.0;43.0;95;63;
148602717 ;15;841.0;510.0;-2699.0;-4450.0;-4973.0;2242.0;25.0;-211.0;25.0;33;7;
148602718 ;16;533.0;498.0;-3888.0;-4128.0;-5116.0;3002.0;25.0;-211.0;25.0;230;122;
148602722 ;17;-360.0;1102.0;-4837.0;-3241.0;-5113.0;3527.0;21.0;-215.0;9.0;130;174;
148602726 ;18;-1155.0;2309.0;-5267.0;-2332.0;-5527.0;3883.0;21.0;-215.0;9.0;199;75;
148602744 ;19;-2354.0;4133.0;-3184.0;-2035.0;-6668.0;4054.0;14.0;-216.0;-2.0;174;178;
148602745 ;20;-3202.0;7043.0;-173.0;-2555.0;-8376.0;4344.0;14.0;-216.0;-2.0;251;211;
148602777 ;21;-2181.0;9047.0;2014.0;-2756.0;-8291.0;4981.0;-7.0;-215.0;-11.0;89;41;
148602780 ;22;866.0;10124.0;2221.0;-2646.0;-5841.0;5540.0;-7.0;-215.0;-11.0;145;161;
148602781 ;23;2426.0;11129.0;2480.0;-3279.0;-4334.0;4864.0;-26.0;-208.0;-14.0;94;82;
148602790 ;24;4472.0;10226.0;2538.0;-2719.0;-305.0;2976.0;-26.0;-208.0;-14.0;170;184;
148602796 ;25;5590.0;7963.0;633.0;-2032.0;6094.0;1143.0;-45.0;-205.0;-23.0;55;59;
148602805 ;26;3386.0;4558.0;-918.0;-549.0;9509.0;-1282.0;-45.0;-205.0;-23.0;214;154;
148602866 ;27;-1024.0;3405.0;-1225.0;279.0;9605.0;-3046.0;-37.0;-209.0;-31.0;133;243;
148602868 ;28;-3410.0;3344.0;1379.0;914.0;8257.0;-3793.0;-37.0;-209.0;-31.0;105;213;
148602870 ;29;-3836.0;3362.0;2610.0;1342.0;5051.0;-4342.0;-26.0;-212.0;-34.0;158;72;
148602881 ;30;-3442.0;4244.0;4142.0;1317.0;2305.0;-4785.0;-26.0;-212.0;-34.0;7;147;
148602882 ;31;-2195.0;4442.0;3989.0;1132.0;-361.0;-5163.0;-4.0;-204.0;-38.0;136;172;
148602883 ;32;-18.0;5594.0;3148.0;852.0;-2402.0;-5195.0;-4.0;-204.0;-38.0;16;24;
148602887 ;33;697.0;6961.0;1404.0;748.0;-3699.0;-4904.0;14.0;-206.0;-28.0;37;157;
148602888 ;34;-301.0;7410.0;-1613.0;600.0;-4087.0;-5278.0;14.0;-206.0;-28.0;153;115;
148602896 ;35;-2256.0;7377.0;-3158.0;913.0;-4087.0;-5701.0;25.0;-199.0;-25.0;102;164;
148602905 ;36;-2360.0;9245.0;-3822.0;1175.0;-4676.0;-5423.0;25.0;-199.0;-25.0;134;212;
148602941 ;37;-915.0;9830.0;-3636.0;316.0;-5795.0;-4941.0;34.0;-198.0;-38.0;87;247;
148603067 ;38;-221.0;9848.0;-2370.0;-629.0;-5600.0;-4819.0;34.0;-198.0;-38.0;164;120;
148603068 ;39;1941.0;8068.0;-1987.0;-1178.0;-5402.0;-4283.0;49.0;-191.0;-41.0;170;93;
148603069 ;41;4461.0;5558.0;-62.0;-1543.0;-3482.0;-2287.0;50.0;-186.0;-52.0;241;43;
148603075 ;42;4872.0;5156.0;1305.0;-1633.0;-1563.0;-2191.0;50.0;-186.0;-52.0;24;115;
148603076 ;44;4880.0;4404.0;2784.0;-1292.0;3891.0;-2338.0;50.0;-176.0;-60.0;208;118;
148603077 ;46;6416.0;3512.0;3156.0;-1339.0;10775.0;-2212.0;51.0;-171.0;-61.0;234;236;
148603086 ;48;3989.0;2861.0;186.0;-1138.0;15067.0;-2687.0;64.0;-162.0;-56.0;72;42;
148603087 ;50;2042.0;2138.0;-1304.0;-1223.0;15596.0;-2609.0;91.0;-161.0;-29.0;92;106;
148603094 ;51;2039.0;1722.0;-1021.0;-1310.0;14390.0;-2420.0;107.0;-143.0;7.0;37;36;
148603095 ;53;2691.0;893.0;891.0;-2269.0;11057.0;-1577.0;109.0;-131.0;39.0;64;184;
148603096 ;54;3340.0;217.0;1158.0;-2888.0;9802.0;-861.0;109.0;-131.0;39.0;167;241;
148603104 ;55;2791.0;123.0;138.0;-3058.0;8414.0;-267.0;101.0;-127.0;69.0;116;80;
148603105 ;56;2262.0;586.0;-1194.0;-2912.0;7649.0;-419.0;101.0;-127.0;69.0;244;124;
148603135 ;57;746.0;1436.0;-2447.0;-2584.0;6461.0;-423.0;95.0;-131.0;77.0;9;235;
148603167 ;58;-694.0;2126.0;-2442.0;-2497.0;5385.0;-169.0;95.0;-131.0;77.0;62;140;
148603173 ;59;-2084.0;3176.0;-2549.0;-3084.0;4768.0;466.0;85.0;-137.0;97.0;69;121;
148603175 ;60;-3543.0;3415.0;-3033.0;-3902.0;3414.0;1209.0;85.0;-137.0;97.0;254;44;
148603176 ;61;-3722.0;3050.0;-3284.0;-4338.0;1758.0;1893.0;76.0;-144.0;100.0;78;82;
148603181 ;62;-3825.0;3143.0;-3771.0;-4216.0;-27.0;2354.0;76.0;-144.0;100.0;166;244;
148603182 ;63;-4698.0;3577.0;-4626.0;-3834.0;-1802.0;2603.0;68.0;-154.0;94.0;254;242;
148603191 ;64;-5995.0;3918.0;-5703.0;-3271.0;-3575.0;2863.0;68.0;-154.0;94.0;78;144;
148603196 ;65;-6845.0;4023.0;-7384.0;-2580.0;-6268.0;3147.0;69.0;-171.0;85.0;245;57;
148603225 ;66;-7015.0;3818.0;-7994.0;-1870.0;-8919.0;3370.0;69.0;-171.0;85.0;92;244;
148603227 ;67;-7065.0;4292.0;-7616.0;-1434.0;-12081.0;3723.0;68.0;-180.0;72.0;29;37;
148603232 ;68;-6450.0;5477.0;-4717.0;-1843.0;-16328.0;4733.0;68.0;-180.0;72.0;63;85;
148603242 ;69;-5736.0;6310.0;-3474.0;-1804.0;-19073.0;5941.0;73.0;-185.0;45.0;54;4;
148603245 ;70;-1841.0;6337.0;-5424.0;-1294.0;-21915.0;6366.0;73.0;-185.0;45.0;119;101;
148603275 ;71;2757.0;6882.0;-5399.0;-992.0;-24497.0;6255.0;70.0;-198.0;10.0;42;148;
148603278 ;72;3539.0;7446.0;-6720.0;-948.0;-26404.0;4941.0;70.0;-198.0;10.0;207;177;
148603280 ;73;2466.0;7729.0;-5566.0;-1434.0;-26629.0;2742.0;30.0;-200.0;-20.0;139;201;
148603285 ;74;2576.0;5639.0;-8114.0;-919.0;-26453.0;546.0;30.0;-200.0;-20.0;229;137;
148603318 ;75;1765.0;5439.0;-4964.0;-300.0;-21964.0;-814.0;-8.0;-202.0;-50.0;179;189;
148603320 ;76;5996.0;5147.0;-3678.0;-193.0;-16759.0;-1392.0;-8.0;-202.0;-50.0;195;35;
148603321 ;77;8362.0;7569.0;-610.0;-1468.0;-11076.0;-1379.0;-44.0;-204.0;-46.0;198;126;
148603326 ;78;7558.0;8150.0;-338.0;-3770.0;-5781.0;-1257.0;-44.0;-204.0;-46.0;48;114;
148603353 ;79;7030.0;6371.0;-1032.0;-4233.0;-2609.0;-1894.0;-51.0;-199.0;-41.0;142;236;
148603356 ;80;5468.0;5839.0;-636.0;-4248.0;621.0;-1899.0;-51.0;-199.0;-41.0;126;202;
148603357 ;81;5633.0;5891.0;-2041.0;-4213.0;3663.0;-2294.0;-57.0;-199.0;-51.0;77;147;
148603365 ;82;4785.0;5223.0;-3111.0;-3422.0;5314.0;-2798.0;-57.0;-199.0;-51.0;193;47;
148603392 ;83;3377.0;4326.0;-3217.0;-2342.0;6899.0;-2988.0;-41.0;-195.0;-59.0;14;154;
148603395 ;84;1723.0;4171.0;-2519.0;-2101.0;8002.0;-3281.0;-41.0;-195.0;-59.0;212;42;
148603402 ;85;1237.0;4172.0;-1079.0;-2443.0;9314.0;-3712.0;-23.0;-189.0;-73.0;186;150;
148603403 ;86;1016.0;3662.0;1019.0;-2915.0;10954.0;-3905.0;-23.0;-189.0;-73.0;233;27;
148603433 ;87;576.0;1638.0;1239.0;-2865.0;11813.0;-4263.0;-1.0;-177.0;-73.0;106;242;
148603436 ;88;-4154.0;-601.0;1281.0;-1652.0;7952.0;-3879.0;-1.0;-177.0;-73.0;96;174;
148603437 ;89;-8704.0;545.0;2472.0;-1408.0;4162.0;-3249.0;35.0;-175.0;-67.0;114;116;
148603470 ;90;-10056.0;2233.0;457.0;-1409.0;-345.0;-2400.0;35.0;-175.0;-67.0;130;44;
148603473 ;91;-6437.0;1575.0;-276.0;-1031.0;-3812.0;-1245.0;51.0;-169.0;-71.0;189;149;
148603475 ;92;-1494.0;636.0;722.0;-961.0;-5468.0;-371.0;51.0;-169.0;-71.0;145;43;
148603478 ;93;2062.0;-121.0;-47.0;-894.0;-5757.0;-1.0;48.0;-158.0;-72.0;35;217;
148603487 ;94;4339.0;-1065.0;-1118.0;-683.0;-4996.0;108.0;48.0;-158.0;-72.0;104;92;
148603496 ;95;4983.0;-1734.0;-1334.0;-256.0;-3534.0;37.0;43.0;-155.0;-83.0;141;27;
148603522 ;96;5042.0;-2125.0;-934.0;442.0;-1800.0;3.0;43.0;-155.0;-83.0;56;82;
148603525 ;97;4479.0;-1320.0;-1044.0;1332.0;-260.0;173.0;33.0;-161.0;-85.0;221;91;
148603526 ;98;3578.0;-82.0;-1247.0;2120.0;780.0;323.0;33.0;-161.0;-85.0;40;236;
148603551 ;99;2820.0;809.0;-1408.0;2841.0;1557.0;553.0;23.0;-155.0;-75.0;219;251;
148603561 ;10;2989.0;1660.0;-806.0;3342.0;3290.0;1439.0;27.0;-163.0;-79.0;107;98;
148603628 ;16;-13248.0;798.0;3677.0;4448.0;2942.0;26.0;-172.0;-68.0;8292.0;10;74;
148603631 ;106;348.0;6499.0;1561.0;2683.0;4550.0;3553.0;30.0;-178.0;-62.0;2;160;
148603637 ;108;-2962.0;9109.0;1831.0;464.0;3945.0;3851.0;35.0;-187.0;-43.0;124;74;
148603638 ;109;-3846.0;9257.0;1593.0;-979.0;3283.0;3698.0;26.0;-192.0;-44.0;193;131;
148603646 ;109;-5778.0;2545.0;7712.0;17666.0;6648.0;24586.0;6669.0;16384.0;-11009.0;255;182;
148603670 ;111;-3583.0;6868.0;-736.0;-2391.0;1772.0;3023.0;23.0;-193.0;-41.0;45;43;
148603673 ;112;-3246.0;5703.0;-2449.0;-2282.0;1051.0;2801.0;23.0;-193.0;-41.0;243;201;
148603681 ;113;-2947.0;4837.0;-4616.0;-1924.0;302.0;2679.0;16.0;-200.0;-44.0;38;26;
148603709 ;115;-4009.0;3967.0;-6871.0;-1150.0;-2448.0;2147.0;6.0;-192.0;-46.0;228;66;
148603711 ;116;-4325.0;5229.0;-3521.0;-754.0;-3778.0;1937.0;6.0;-192.0;-46.0;66;32;
148603717 ;117;-3771.0;8076.0;1350.0;-264.0;-4378.0;1682.0;-2.0;-186.0;-62.0;48;36;
148603725 ;118;-1403.0;9383.0;7538.0;-584.0;-4632.0;1914.0;-2.0;-186.0;-62.0;135;119;
148603773 ;120;1612.0;6869.0;3590.0;483.0;-5094.0;-569.0;-10.0;-190.0;-58.0;160;124;
148603773 ;160;-19447.0;1306.0;2828.0;-24319.0;-272.0;-6150.0;17407.0;-14337.0;-20737.0;32;99;
148603788 ;124;7992.0;4607.0;-159.0;1263.0;3835.0;-2679.0;-34.0;-188.0;-56.0;206;206;
148603796 ;125;7877.0;4264.0;-1434.0;1361.0;6273.0;-2861.0;-24.0;-186.0;-52.0;79;223;
148603828 ;127;4667.0;3322.0;-2716.0;2259.0;8498.0;-2684.0;-4.0;-190.0;-52.0;3;47;
148603831 ;128;2750.0;3910.0;-2635.0;2014.0;8683.0;-2333.0;-4.0;-190.0;-52.0;66;156;
148603840 ;10;-25983.0;6401.0;25104.0;-4618.0;-27901.0;-26338.0;3062.0;16640.0;-10753.0;255;203;
148603845 ;130;-2512.0;3391.0;-1558.0;-452.0;7017.0;-1783.0;11.0;-191.0;-43.0;224;144;
148603868 ;132;-4099.0;1638.0;627.0;-1607.0;2463.0;45.0;23.0;-187.0;-29.0;63;231;
148603876 ;133;-4463.0;2156.0;-439.0;-874.0;-193.0;-164.0;35.0;-183.0;-29.0;97;131;
148603921 ;135;-3066.0;1126.0;-4381.0;-952.0;-5429.0;298.0;33.0;-185.0;-33.0;79;55;
148603933 ;138;1621.0;-525.0;-7693.0;421.0;-11924.0;2571.0;30.0;-186.0;-36.0;9;115;
148603956 ;141;6627.0;5768.0;1920.0;970.0;-14648.0;4146.0;-19.0;-187.0;-49.0;115;57;
148603996 ;145;2856.0;7257.0;4965.0;330.0;4309.0;246.0;-61.0;-181.0;-35.0;233;121;
148604007 ;146;2238.0;6439.0;2542.0;188.0;7689.0;-104.0;-61.0;-181.0;-35.0;27;177;
148604023 ;147;1306.0;6068.0;-1175.0;863.0;9755.0;-757.0;-58.0;-180.0;-44.0;153;161;
148604072 ;149;2019.0;4565.0;-6305.0;1596.0;9920.0;-2289.0;-45.0;-177.0;-47.0;243;177;
148604076 ;151;638.0;4166.0;-3877.0;902.0;7867.0;-2096.0;-23.0;-179.0;-43.0;147;53;
148604085 ;152;537.0;3796.0;-2127.0;602.0;6671.0;-1700.0;-23.0;-179.0;-43.0;73;83;
148604090 ;198;30986.0;25870.0;28163.0;23296.0;15897.0;-1286.0;20223.0;-9473.0;-17153.0;32;22;
148604128 ;158;-1339.0;2882.0;78.0;-2564.0;4965.0;38.0;20.0;-180.0;-32.0;239;109;
148604164 ;161;-2982.0;910.0;-5098.0;-2770.0;-1943.0;1049.0;23.0;-175.0;-35.0;144;158;
148604166 ;162;-2533.0;192.0;-7281.0;-2278.0;-4171.0;2122.0;23.0;-175.0;-35.0;89;167;
148604224 ;165;-2734.0;3638.0;2306.0;-543.0;-12295.0;2993.0;4.0;-170.0;-44.0;243;13;
148604249 ;170;2188.0;4935.0;938.0;-882.0;-3927.0;-821.0;-38.0;-164.0;-50.0;90;82;
148604268 ;172;6021.0;3941.0;793.0;-13.0;2890.0;-2096.0;-46.0;-164.0;-58.0;1;185;
148604285 ;174;7784.0;2762.0;-2897.0;1463.0;9209.0;-3155.0;-42.0;-166.0;-50.0;72;226;
148604307 ;176;4241.0;3335.0;-3385.0;2082.0;11471.0;-2951.0;-26.0;-164.0;-50.0;231;235;
148604317 ;177;826.0;4308.0;-3039.0;1512.0;11419.0;-2874.0;-8.0;-168.0;-44.0;160;80;
148604336 ;179;-5228.0;4009.0;-2143.0;-1271.0;7790.0;-1420.0;14.0;-164.0;-40.0;234;144;
148604374 ;180;-5070.0;2394.0;-1743.0;-1970.0;4831.0;-760.0;14.0;-164.0;-40.0;5;223;
148604375 ;180;-5070.0;2394.0;-1743.0;-1970.0;4831.0;-760.0;14.0;-164.0;-40.0;5;223;
148604381 ;182;-7844.0;603.0;-4652.0;-1219.0;-3450.0;-795.0;33.0;-165.0;-33.0;37;79;
148604386 ;184;-2139.0;-904.0;-9476.0;365.0;-13153.0;1726.0;36.0;-164.0;-34.0;193;67;
148604405 ;186;5835.0;2980.0;-4476.0;447.0;-21046.0;3794.0;27.0;-157.0;-43.0;78;32;
148604426 ;188;15959.0;7974.0;7048.0;-1571.0;-11363.0;4119.0;-5.0;-163.0;-55.0;238;168;
148604441 ;189;15204.0;7791.0;6385.0;201.0;-5798.0;2146.0;-42.0;-158.0;-54.0;145;193;
148604456 ;191;2646.0;6856.0;4898.0;550.0;4916.0;-1155.0;-61.0;-155.0;-57.0;51;49;
148604471 ;192;3303.0;6315.0;1687.0;1245.0;8240.0;-1549.0;-61.0;-155.0;-57.0;70;126;
148604476 ;193;6042.0;4443.0;-2092.0;1750.0;11058.0;-2291.0;-58.0;-160.0;-54.0;253;175;
148604528 ;196;5120.0;4102.0;-5299.0;2247.0;13529.0;-2676.0;-32.0;-168.0;-52.0;174;154;
148604532 ;197;-1410.0;3884.0;-6801.0;2083.0;13736.0;-2965.0;-5.0;-163.0;-53.0;125;121;
148604533 ;198;-6923.0;4062.0;-6485.0;471.0;11749.0;-2781.0;-5.0;-163.0;-53.0;105;59;
148604546 ;200;-7109.0;-1249.0;-5561.0;-823.0;1593.0;-814.0;22.0;-168.0;-42.0;112;200;
148604561 ;153;19689.0;9720.0;21746.0;9988.0;28909.0;8960.0;23296.0;-8193.0;2047.0;32;89;
148604579 ;203;-2606.0;2281.0;650.0;35.0;-16950.0;1481.0;24.0;-168.0;-36.0;251;171;
148604587 ;204;4155.0;7720.0;7393.0;-606.0;-15627.0;3958.0;24.0;-168.0;-36.0;169;139;
148604609 ;206;16864.0;2508.0;9549.0;-1294.0;-4554.0;1942.0;5.0;-171.0;-49.0;52;54;
148604627 ;208;1898.0;3399.0;5594.0;581.0;4671.0;-535.0;-23.0;-169.0;-59.0;46;232;
148604639 ;209;623.0;5015.0;5759.0;711.0;6469.0;-1138.0;-18.0;-170.0;-58.0;98;22;
148604676 ;210;4205.0;5723.0;4361.0;655.0;8062.0;-1291.0;-18.0;-170.0;-58.0;40;178;
148604677 ;255;19993.0;22545.0;-15362.0;-1022.0;18721.0;-3077.0;23039.0;-13825.0;767.0;32;47;
148604687 ;214;766.0;5145.0;-2512.0;1792.0;7374.0;-1917.0;1.0;-169.0;-53.0;224;248;
148604696 ;215;-295.0;4823.0;-1717.0;1281.0;7149.0;-1686.0;15.0;-169.0;-47.0;171;69;
148604716 ;217;-2199.0;5945.0;-2288.0;-933.0;4773.0;-1775.0;28.0;-170.0;-34.0;32;200;
148604736 ;219;-3481.0;751.0;-4774.0;-1557.0;-141.0;-1528.0;42.0;-164.0;-32.0;82;196;
148604749 ;220;-5367.0;-491.0;-5383.0;-1754.0;-2710.0;-545.0;42.0;-164.0;-32.0;174;24;
148604762 ;221;-3777.0;-661.0;-5570.0;-490.0;-6889.0;125.0;44.0;-164.0;-32.0;186;140;
148604765 ;222;-1180.0;215.0;-6924.0;167.0;-11813.0;655.0;44.0;-164.0;-32.0;96;28;
148604785 ;224;7520.0;2675.0;-780.0;-425.0;-18582.0;3911.0;32.0;-162.0;-44.0;16;80;
148604828 ;226;19290.0;6974.0;8015.0;-2556.0;-7933.0;3120.0;2.0;-166.0;-56.0;180;16;
148604830 ;227;12445.0;7806.0;8127.0;-1864.0;300.0;1783.0;-31.0;-161.0;-61.0;46;186;
148604837 ;228;380.0;1187.0;3555.0;-1190.0;4427.0;-1412.0;-31.0;-161.0;-61.0;73;5;
148604845 ;230;-3701.0;3272.0;2389.0;145.0;2159.0;-1549.0;-40.0;-160.0;-68.0;163;41;
148604856 ;10;-23577.0;-14601.0;15629.0;23304.0;-24573.0;-18935.0;-7176.0;26623.0;-17409.0;255;237;
148604865 ;232;-526.0;3756.0;342.0;1134.0;3183.0;-2108.0;-29.0;-153.0;-69.0;188;194;
148604880 ;233;1385.0;3977.0;-1099.0;762.0;4464.0;-2042.0;-15.0;-157.0;-69.0;80;214;
148604887 ;234;1967.0;4500.0;-898.0;722.0;4852.0;-1856.0;-15.0;-157.0;-69.0;135;183;
148604896 ;235;1164.0;5635.0;782.0;164.0;4145.0;-1246.0;-14.0;-164.0;-66.0;218;226;
148604906 ;236;161.0;5332.0;1847.0;-282.0;2755.0;-280.0;-14.0;-164.0;-66.0;125;191;
148604916 ;237;-28.0;4422.0;2611.0;-469.0;2041.0;404.0;-4.0;-156.0;-70.0;99;209;
148604925 ;238;132.0;3582.0;3076.0;-566.0;1565.0;657.0;-4.0;-156.0;-70.0;75;217;
148604936 ;239;373.0;3188.0;3413.0;-697.0;1027.0;656.0;4.0;-156.0;-70.0;110;100;
148604978 ;240;659.0;3067.0;2795.0;-627.0;706.0;530.0;4.0;-156.0;-70.0;44;32;
148604980 ;241;1211.0;3076.0;794.0;-296.0;-225.0;393.0;6.0;-158.0;-64.0;171;159;
148604982 ;242;614.0;3857.0;-1072.0;211.0;-1193.0;380.0;6.0;-158.0;-64.0;55;47;
148604986 ;243;-609.0;4435.0;-2380.0;669.0;-1914.0;141.0;0.0;-160.0;-64.0;143;119;
148604987 ;244;-2316.0;4860.0;-2644.0;948.0;-2642.0;-568.0;0.0;-160.0;-64.0;244;18;
148604996 ;245;-3565.0;4068.0;-2367.0;959.0;-3673.0;-1307.0;-5.0;-163.0;-63.0;29;143;
148605005 ;246;-4519.0;4636.0;-2333.0;1283.0;-4137.0;-1520.0;-5.0;-163.0;-63.0;92;60;
148605016 ;247;-4134.0;5490.0;-2674.0;1936.0;-4644.0;-2114.0;-13.0;-161.0;-61.0;27;139;
148605028 ;248;-3189.0;6864.0;-2809.0;2380.0;-5081.0;-2841.0;-13.0;-161.0;-61.0;219;159;
148605036 ;249;-2642.0;8221.0;-2861.0;2414.0;-5365.0;-3481.0;-9.0;-165.0;-59.0;164;22;
148605046 ;250;-2206.0;9111.0;-2831.0;2115.0;-5924.0;-3873.0;-9.0;-165.0;-59.0;14;50;
148605056 ;251;-1191.0;9392.0;-3182.0;2046.0;-6595.0;-4283.0;-18.0;-170.0;-54.0;57;131;
148605065 ;252;-133.0;9545.0;-3470.0;2282.0;-7087.0;-4547.0;-18.0;-170.0;-54.0;207;183;
148605076 ;253;586.0;9889.0;-3730.0;2416.0;-7687.0;-4605.0;-19.0;-169.0;-51.0;235;131;
148605085 ;254;954.0;10219.0;-3816.0;2331.0;-7961.0;-4462.0;-19.0;-169.0;-51.0;121;169;
148605127 ;255;1203.0;10460.0;-3771.0;1912.0;-8018.0;-4210.0;-17.0;-179.0;-51.0;170;226;
148605130 ;0;1284.0;10400.0;-3552.0;1254.0;-7924.0;-3887.0;-17.0;-179.0;-51.0;171;207;
148605133 ;1;1608.0;10223.0;-2490.0;375.0;-7880.0;-3556.0;-14.0;-180.0;-38.0;127;199;
148605135 ;2;1911.0;9585.0;-852.0;-598.0;-7862.0;-3322.0;-14.0;-180.0;-38.0;200;206;
148605136 ;3;1884.0;8639.0;1554.0;-1604.0;-7743.0;-3144.0;-22.0;-184.0;-42.0;143;93;
148605145 ;4;1840.0;6753.0;2845.0;-2100.0;-7339.0;-3064.0;-22.0;-184.0;-42.0;4;142;
148605156 ;5;1504.0;4915.0;3135.0;-1529.0;-6441.0;-2977.0;-23.0;-183.0;-47.0;182;48;
148605168 ;6;2016.0;3928.0;3803.0;-1390.0;-5044.0;-2665.0;-23.0;-183.0;-47.0;183;109;
148605176 ;7;3611.0;3362.0;4360.0;-1634.0;-2694.0;-2114.0;-25.0;-179.0;-43.0;99;47;
148605192 ;8;4780.0;2946.0;4170.0;-1857.0;2.0;-1712.0;-25.0;-179.0;-43.0;223;35;
148605196 ;9;5159.0;2176.0;3930.0;-1870.0;3500.0;-1551.0;-22.0;-180.0;-54.0;169;189;
148605205 ;10;5008.0;1491.0;3032.0;-1822.0;6573.0;-1423.0;-22.0;-180.0;-54.0;154;16;
148605220 ;11;4199.0;1001.0;1850.0;-1684.0;9341.0;-1288.0;-12.0;-180.0;-50.0;220;198;
148605226 ;12;3943.0;432.0;696.0;-1547.0;11408.0;-1230.0;-12.0;-180.0;-50.0;249;181;
148605237 ;13;4636.0;-187.0;105.0;-1529.0;13128.0;-1036.0;0.0;-174.0;-50.0;155;239;
148605279 ;15;6379.0;-1882.0;-579.0;-1900.0;13753.0;-297.0;18.0;-168.0;-44.0;31;159;
148605280 ;16;7461.0;-2545.0;214.0;-2124.0;12861.0;526.0;18.0;-168.0;-44.0;189;243;
148605281 ;17;8335.0;-3464.0;-483.0;-2030.0;12034.0;1212.0;37.0;-169.0;-39.0;189;41;
148605287 ;18;7870.0;-4702.0;-1419.0;-1751.0;10855.0;1769.0;37.0;-169.0;-39.0;11;129;
148605304 ;19;7034.0;-4329.0;-1642.0;-1664.0;10447.0;2723.0;55.0;-165.0;-25.0;251;115;
148605308 ;20;4390.0;-2339.0;-2713.0;-1096.0;9784.0;3088.0;55.0;-165.0;-25.0;72;122;
148605317 ;21;1592.0;-171.0;-4150.0;211.0;9601.0;2935.0;50.0;-174.0;-14.0;249;23;
148605326 ;22;-3275.0;3408.0;-2321.0;442.0;8834.0;2588.0;50.0;-174.0;-14.0;163;33;
148605337 ;23;-7178.0;5522.0;-1604.0;-2407.0;6059.0;2115.0;50.0;-174.0;-2.0;146;236;
148605345 ;24;-9427.0;4528.0;-1005.0;-5564.0;3091.0;2370.0;50.0;-174.0;-2.0;50;238;
148605362 ;25;-8632.0;2439.0;-2043.0;-6434.0;112.0;2840.0;45.0;-179.0;5.0;203;23;
148605365 ;26;-8550.0;1395.0;-3951.0;-5503.0;-2602.0;2898.0;45.0;-179.0;5.0;198;232;
148605378 ;27;-7844.0;1005.0;-5723.0;-4747.0;-5941.0;2140.0;41.0;-181.0;-5.0;230;88;
148605385 ;28;-6827.0;1129.0;-6760.0;-4388.0;-7355.0;2022.0;41.0;-181.0;-5.0;182;122;
148605396 ;29;-6167.0;1279.0;-8711.0;-4249.0;-8827.0;2036.0;26.0;-178.0;-20.0;245;125;
148605430 ;30;-5942.0;1858.0;-10385.0;-3344.0;-10820.0;2538.0;26.0;-178.0;-20.0;65;219;
148605438 ;32;-4530.0;6286.0;-8455.0;-2774.0;-18541.0;6776.0;14.0;-176.0;-40.0;50;4;
148605440 ;33;-1367.0;10121.0;-7591.0;-3041.0;-21357.0;9699.0;-18.0;-170.0;-48.0;68;200;
148605447 ;34;3974.0;13928.0;-5415.0;-4193.0;-23078.0;10648.0;-18.0;-170.0;-48.0;33;197;
148605456 ;35;5422.0;14828.0;-6315.0;-3976.0;-24126.0;9321.0;-65.0;-165.0;-43.0;53;61;
148605465 ;36;7321.0;13332.0;-1817.0;-3409.0;-18410.0;6756.0;-65.0;-165.0;-43.0;3;247;
148605476 ;37;9570.0;10796.0;-1264.0;-3296.0;-12321.0;3020.0;-109.0;-141.0;-15.0;195;79;
148605485 ;38;11585.0;3859.0;2864.0;-2463.0;-3736.0;-313.0;-109.0;-141.0;-15.0;132;158;
148605496 ;39;12047.0;3161.0;4143.0;-1824.0;4945.0;-2394.0;-122.0;-146.0;0.0;253;165;
148605505 ;40;8546.0;5499.0;1699.0;-1106.0;9831.0;-4152.0;-122.0;-146.0;0.0;237;81;
148605518 ;41;9330.0;4755.0;-1010.0;136.0;12987.0;-5511.0;-118.0;-148.0;-6.0;93;87;
148605525 ;42;11450.0;1446.0;-192.0;339.0;13174.0;-5521.0;-118.0;-148.0;-6.0;103;251;
148605536 ;43;13829.0;-821.0;1411.0;120.0;13924.0;-3046.0;-101.0;-159.0;-25.0;223;165;
148605545 ;44;17564.0;-586.0;4274.0;-654.0;16399.0;-706.0;-101.0;-159.0;-25.0;132;214;
148605580 ;45;19985.0;-1337.0;-7918.0;-439.0;18061.0;1045.0;-74.0;-158.0;-48.0;130;0;
148605581 ;46;10656.0;466.0;-15376.0;4248.0;20205.0;-866.0;-74.0;-158.0;-48.0;9;223;
148605582 ;47;-5225.0;2296.0;-16278.0;6802.0;17840.0;-2144.0;-51.0;-167.0;-55.0;41;171;
148605590 ;48;-18474.0;10961.0;-8962.0;-1301.0;12385.0;-3084.0;-51.0;-167.0;-55.0;5;71;
148605597 ;49;-17347.0;6031.0;-5413.0;-6082.0;6458.0;138.0;-9.0;-169.0;-51.0;218;222;
148605606 ;50;-10964.0;588.0;-3690.0;-5322.0;2020.0;991.0;-9.0;-169.0;-51.0;56;184;
148605616 ;51;-2305.0;129.0;-6015.0;-1954.0;-3636.0;239.0;0.0;-166.0;-52.0;98;26;
148605625 ;52;63.0;1047.0;-8596.0;-954.0;-7343.0;705.0;0.0;-166.0;-52.0;95;221;
148605636 ;53;-1430.0;425.0;-7563.0;-1145.0;-9383.0;790.0;-6.0;-160.0;-66.0;168;128;
148605645 ;54;-2531.0;-1461.0;-8070.0;-1383.0;-9774.0;280.0;-6.0;-160.0;-66.0;126;118;
148605659 ;54;-32713.0;-14083.0;-6.0;-28202.0;4864.0;13011.0;-6397.0;23551.0;-15361.0;255;82;
148605665 ;56;-148.0;521.0;-7444.0;594.0;-17192.0;1595.0;-25.0;-165.0;-61.0;209;13;
148605676 ;57;2095.0;4939.0;-1539.0;167.0;-19869.0;2243.0;-49.0;-157.0;-57.0;107;65;
148605685 ;58;8631.0;9000.0;3424.0;-442.0;-17561.0;4411.0;-49.0;-157.0;-57.0;156;58;
148605696 ;59;15597.0;9428.0;3961.0;-3413.0;-13543.0;3771.0;-81.0;-155.0;-43.0;62;152;
148605731 ;60;19895.0;4249.0;7184.0;-1754.0;-6359.0;1556.0;-81.0;-155.0;-43.0;110;138;
148605732 ;61;10564.0;3291.0;4433.0;-460.0;1937.0;-643.0;-103.0;-153.0;-29.0;65;211;
148605735 ;62;2340.0;2681.0;2430.0;363.0;4878.0;-1022.0;-103.0;-153.0;-29.0;10;86;
148605738 ;63;-747.0;4962.0;3605.0;501.0;6171.0;-609.0;-97.0;-153.0;-23.0;196;236;
148605746 ;64;178.0;5349.0;3630.0;341.0;8444.0;-1082.0;-97.0;-153.0;-23.0;112;82;
148605765 ;66;9598.0;1608.0;-4706.0;2002.0;12115.0;-1567.0;-97.0;-155.0;-39.0;247;99;
148605777 ;67;6568.0;2450.0;-5853.0;2375.0;11342.0;-1555.0;-75.0;-161.0;-47.0;103;117;
148605785 ;68;1319.0;3608.0;-3759.0;2568.0;10297.0;-2066.0;-75.0;-161.0;-47.0;60;52;
148605799 ;69;-2099.0;3980.0;-2776.0;2293.0;9170.0;-1495.0;-58.0;-164.0;-52.0;235;125;
148605809 ;70;-5537.0;6685.0;-1396.0;540.0;8115.0;-717.0;-58.0;-164.0;-52.0;129;125;
148605825 ;72;-2339.0;3927.0;-5401.0;-345.0;2784.0;-1435.0;-43.0;-169.0;-53.0;94;134;
148605845 ;74;-5993.0;451.0;-8211.0;-286.0;-5306.0;461.0;-28.0;-166.0;-62.0;95;17;
148605881 ;75;-3271.0;872.0;-7622.0;1005.0;-10125.0;1344.0;-25.0;-167.0;-55.0;174;144;
148605882 ;76;-918.0;2022.0;-8413.0;897.0;-16792.0;1667.0;-25.0;-167.0;-55.0;4;180;
148605888 ;78;6688.0;12658.0;4378.0;-1917.0;-16756.0;4374.0;-43.0;-169.0;-51.0;98;232;
148605896 ;79;19047.0;7612.0;7859.0;-1558.0;-13392.0;1926.0;-83.0;-167.0;-35.0;159;123;
148605905 ;80;20239.0;3247.0;8072.0;195.0;-5129.0;298.0;-83.0;-167.0;-35.0;234;44;
148605917 ;81;7989.0;2140.0;6475.0;876.0;199.0;-1654.0;-94.0;-166.0;-26.0;47;109;
148605941 ;83;2217.0;4817.0;5701.0;991.0;6840.0;-2380.0;-95.0;-165.0;-23.0;172;152;
148605956 ;85;5571.0;733.0;-3685.0;1515.0;10538.0;-2710.0;-81.0;-171.0;-25.0;76;140;
148605965 ;86;5400.0;1873.0;-4386.0;1919.0;10446.0;-2169.0;-81.0;-171.0;-25.0;179;27;
148605977 ;10;26199.0;-1790.0;-1518.0;-1543.0;19719.0;13094.0;-16394.0;20991.0;-8705.0;255;152;
148605986 ;88;-2452.0;4441.0;-2173.0;2052.0;8337.0;-2539.0;-65.0;-175.0;-35.0;122;70;
148605997 ;89;-5243.0;5811.0;186.0;62.0;6545.0;-1851.0;-46.0;-178.0;-38.0;18;48;
148606032 ;90;-3743.0;5082.0;-1886.0;-861.0;4815.0;-1285.0;-46.0;-178.0;-38.0;201;73;
148606033 ;91;-807.0;3032.0;-3452.0;-1294.0;2913.0;-1413.0;-32.0;-178.0;-40.0;131;155;
148606035 ;92;-2572.0;1257.0;-4103.0;-1744.0;469.0;-1356.0;-32.0;-178.0;-40.0;244;86;
148606038 ;93;-3549.0;41.0;-4849.0;-875.0;-2253.0;-690.0;-29.0;-187.0;-45.0;191;249;
148606045 ;94;-3309.0;-12.0;-4169.0;62.0;-6486.0;-366.0;-29.0;-187.0;-45.0;125;83;
148606060 ;95;-2400.0;752.0;-2450.0;-1.0;-10643.0;-181.0;-25.0;-177.0;-43.0;8;196;
148606065 ;10;25952.0;32764.0;18186.0;26885.0;-2.0;-23093.0;-6397.0;20479.0;-10753.0;255;150;
148606078 ;97;834.0;9519.0;7357.0;-1062.0;-12382.0;2655.0;-38.0;-178.0;-42.0;167;5;
148606086 ;98;5325.0;8218.0;2763.0;-2464.0;-11790.0;2147.0;-38.0;-178.0;-42.0;251;9;
148606097 ;99;9138.0;5951.0;5988.0;-1792.0;-7721.0;1850.0;-61.0;-177.0;-33.0;19;221;
148606105 ;100;8299.0;2458.0;5680.0;-1067.0;-3623.0;163.0;-61.0;-177.0;-33.0;45;185;
148606116 ;101;2350.0;1440.0;4285.0;-70.0;-1550.0;-992.0;-69.0;-175.0;-33.0;224;56;
148606126 ;102;-366.0;3802.0;4468.0;565.0;-1370.0;-1430.0;-69.0;-175.0;-33.0;176;160;
148606136 ;103;-1061.0;5630.0;5006.0;634.0;-1181.0;-1745.0;-73.0;-175.0;-35.0;255;233;
148606183 ;105;-829.0;6942.0;1647.0;-92.0;317.0;-2399.0;-69.0;-179.0;-37.0;88;242;
148606185 ;106;-121.0;5776.0;-280.0;-51.0;1059.0;-3299.0;-69.0;-179.0;-37.0;137;129;
148606190 ;107;170.0;5443.0;-1501.0;559.0;1795.0;-3732.0;-62.0;-182.0;-32.0;53;71;
148606191 ;108;-487.0;5868.0;-1578.0;1044.0;2158.0;-3896.0;-62.0;-182.0;-32.0;173;173;
148606196 ;109;-1727.0;6750.0;-1403.0;1237.0;1956.0;-4211.0;-51.0;-185.0;-35.0;182;124;
148606205 ;110;-3149.0;6647.0;-1646.0;1624.0;1679.0;-4536.0;-51.0;-185.0;-35.0;240;88;
148606217 ;111;-4093.0;7228.0;-1338.0;1534.0;1626.0;-4362.0;-39.0;-187.0;-35.0;227;171;
148606236 ;113;-3470.0;7135.0;-1299.0;862.0;-778.0;-4180.0;-27.0;-189.0;-31.0;212;164;
148606245 ;114;-3526.0;6767.0;-1357.0;652.0;-2157.0;-4190.0;-27.0;-189.0;-31.0;173;179;
148606256 ;115;-3844.0;6404.0;-1789.0;632.0;-3874.0;-4155.0;-12.0;-188.0;-32.0;179;99;
148606265 ;116;-3909.0;6217.0;-2119.0;436.0;-6261.0;-3916.0;-12.0;-188.0;-32.0;58;56;
148606276 ;117;-2822.0;6091.0;-2325.0;-15.0;-8770.0;-3562.0;-6.0;-188.0;-30.0;0;186;
148606288 ;118;-1101.0;5673.0;-2395.0;-449.0;-10501.0;-3075.0;-6.0;-188.0;-30.0;67;57;
148606296 ;119;426.0;5245.0;-2395.0;-998.0;-11393.0;-2613.0;-8.0;-192.0;-36.0;177;35;
148606345 ;121;2055.0;3950.0;-1274.0;-1967.0;-11478.0;-2115.0;-13.0;-187.0;-41.0;54;68;
148606346 ;122;2693.0;3070.0;-481.0;-1993.0;-10619.0;-1808.0;-13.0;-187.0;-41.0;215;193;
148606347 ;123;2848.0;2557.0;311.0;-2044.0;-9507.0;-1314.0;-22.0;-188.0;-46.0;150;228;
148606351 ;124;2536.0;2406.0;739.0;-2228.0;-8409.0;-984.0;-22.0;-188.0;-46.0;85;45;
148606358 ;125;2255.0;2144.0;1142.0;-2194.0;-7407.0;-797.0;-36.0;-184.0;-44.0;141;65;
148606365 ;126;2414.0;2263.0;1618.0;-2239.0;-5691.0;-508.0;-36.0;-184.0;-44.0;51;103;
148606385 ;128;2528.0;2294.0;2610.0;-2283.0;-2528.0;-271.0;-43.0;-181.0;-47.0;204;14;
148606396 ;129;2259.0;2261.0;2762.0;-2257.0;-796.0;-152.0;-50.0;-176.0;-50.0;141;149;
148606405 ;130;1884.0;2118.0;2624.0;-2214.0;869.0;-61.0;-50.0;-176.0;-50.0;11;175;
148606416 ;131;1456.0;2051.0;2336.0;-2170.0;2435.0;-15.0;-51.0;-173.0;-59.0;113;111;
148606428 ;132;1149.0;1926.0;1698.0;-2042.0;4016.0;3.0;-51.0;-173.0;-59.0;6;20;
148606436 ;133;984.0;1864.0;875.0;-1847.0;5675.0;-48.0;-47.0;-175.0;-65.0;246;176;
148606445 ;134;1198.0;1627.0;-968.0;-1705.0;7373.0;-108.0;-47.0;-175.0;-65.0;161;75;
148606486 ;136;-1662.0;1454.0;-4477.0;-1475.0;8992.0;-529.0;-43.0;-169.0;-69.0;155;15;
148606487 ;137;-5102.0;1356.0;-4011.0;-1256.0;7551.0;-743.0;-30.0;-160.0;-72.0;3;17;
148606491 ;138;-7734.0;1941.0;-2282.0;-1464.0;4999.0;-564.0;-30.0;-160.0;-72.0;164;42;
148606498 ;139;-8216.0;1009.0;-2023.0;-1584.0;746.0;-392.0;-12.0;-160.0;-74.0;179;31;
148606506 ;140;-6678.0;1321.0;791.0;-1559.0;-2902.0;-109.0;-12.0;-160.0;-74.0;230;110;
148606517 ;141;-2934.0;1328.0;2174.0;-2006.0;-5256.0;602.0;-8.0;-152.0;-80.0;222;92;
148606536 ;143;2980.0;82.0;4253.0;-2268.0;-4570.0;1020.0;-15.0;-149.0;-87.0;151;253;
148606545 ;144;3162.0;165.0;3925.0;-2173.0;-2456.0;1122.0;-15.0;-149.0;-87.0;105;83;
148606556 ;145;1704.0;305.0;3226.0;-2058.0;-944.0;1239.0;-29.0;-151.0;-85.0;73;19;
148606568 ;146;431.0;300.0;1607.0;-1845.0;-59.0;1449.0;-29.0;-151.0;-85.0;15;1;
148606583 ;147;-290.0;439.0;390.0;-1403.0;552.0;1735.0;-32.0;-146.0;-88.0;65;229;
148606585 ;148;-146.0;403.0;-358.0;-836.0;1216.0;2039.0;-32.0;-146.0;-88.0;196;116;
148606596 ;149;-171.0;629.0;-327.0;-165.0;2187.0;2252.0;-35.0;-143.0;-91.0;242;48;
148606636 ;151;-829.0;1748.0;-95.0;1377.0;3976.0;2666.0;-33.0;-133.0;-89.0;105;113;
148606640 ;152;-899.0;2164.0;-311.0;2210.0;4809.0;2866.0;-33.0;-133.0;-89.0;62;204;
148606641 ;153;-1229.0;2625.0;-252.0;3065.0;5700.0;3053.0;-34.0;-144.0;-90.0;134;122;
148606645 ;154;-1717.0;3121.0;75.0;3984.0;6665.0;3118.0;-34.0;-144.0;-90.0;125;45;
148606656 ;155;-1760.0;3343.0;612.0;4865.0;7109.0;3252.0;-21.0;-143.0;-89.0;20;186;
148606665 ;156;-1526.0;3933.0;1647.0;5523.0;6680.0;3577.0;-21.0;-143.0;-89.0;139;207;
148606676 ;157;-1132.0;4954.0;3093.0;5844.0;5888.0;3995.0;-9.0;-159.0;-83.0;145;13;
148606685 ;158;-669.0;6157.0;3823.0;5649.0;4607.0;4368.0;-9.0;-159.0;-83.0;164;242;
148606696 ;159;-642.0;7714.0;3245.0;5365.0;2558.0;4824.0;-9.0;-163.0;-67.0;69;159;
148606708 ;160;-1022.0;9060.0;795.0;5151.0;-842.0;4672.0;-9.0;-163.0;-67.0;178;208;
148606716 ;161;-3213.0;9627.0;-455.0;5159.0;-4594.0;4161.0;-12.0;-176.0;-64.0;177;107;
148606727 ;162;-7004.0;9982.0;-1136.0;5446.0;-8190.0;2917.0;-12.0;-176.0;-64.0;177;63;
148606736 ;163;-11136.0;10828.0;-2151.0;4850.0;-10518.0;2094.0;-28.0;-184.0;-46.0;28;174;
148606745 ;164;-11637.0;10392.0;-4708.0;4613.0;-11093.0;506.0;-28.0;-184.0;-46.0;0;4;
148606788 ;166;-4540.0;8120.0;-4695.0;4325.0;-11414.0;-1262.0;-43.0;-195.0;-37.0;152;172;
148606790 ;167;-2093.0;9210.0;-3194.0;3344.0;-10522.0;-1223.0;-54.0;-188.0;-16.0;57;107;
148606798 ;168;-1269.0;7873.0;-4749.0;2695.0;-10670.0;-1539.0;-54.0;-188.0;-16.0;193;191;
148606803 ;169;-845.0;7362.0;-3381.0;1599.0;-10807.0;-1386.0;-59.0;-195.0;3.0;147;153;
148606807 ;170;589.0;6362.0;-3423.0;850.0;-10430.0;-1062.0;-59.0;-195.0;3.0;238;64;
148606816 ;171;2241.0;5849.0;-2745.0;243.0;-10392.0;-1021.0;-53.0;-199.0;17.0;13;101;
148606825 ;172;4603.0;4823.0;-1860.0;-289.0;-9732.0;-741.0;-53.0;-199.0;17.0;92;236;
148606849 ;174;9911.0;2175.0;815.0;-1462.0;-5022.0;512.0;-47.0;-195.0;29.0;43;131;
148606863 ;175;10841.0;499.0;1408.0;-1962.0;-2065.0;702.0;-46.0;-202.0;28.0;235;115;
148606877 ;177;7239.0;-2303.0;1441.0;985.0;3594.0;1197.0;-49.0;-197.0;29.0;166;12;
148606886 ;178;3835.0;-474.0;1274.0;1058.0;6301.0;1432.0;-49.0;-197.0;29.0;164;156;
148606897 ;179;1932.0;1105.0;952.0;816.0;7945.0;1569.0;-53.0;-199.0;21.0;25;25;
148606936 ;180;-234.0;2548.0;753.0;221.0;9120.0;1789.0;-53.0;-199.0;21.0;157;59;
148606938 ;182;-4475.0;3308.0;-431.0;-945.0;9967.0;1739.0;-52.0;-192.0;22.0;235;149;
148606943 ;183;-5603.0;3671.0;-687.0;-1146.0;9613.0;1914.0;-63.0;-197.0;13.0;86;192;
148606946 ;184;-5426.0;4331.0;13.0;-1449.0;8374.0;2530.0;-63.0;-197.0;13.0;187;103;
148606965 ;186;-2120.0;4681.0;23.0;-2242.0;6236.0;3166.0;-67.0;-193.0;1.0;19;207;
148606988 ;188;-717.0;6395.0;-4166.0;-2424.0;6513.0;3462.0;-76.0;-188.0;-8.0;90;132;
148606996 ;189;-3212.0;7419.0;-5359.0;-1822.0;4005.0;3528.0;-78.0;-184.0;-14.0;173;143;
148607007 ;190;-5169.0;8278.0;-3836.0;-976.0;1291.0;3683.0;-78.0;-184.0;-14.0;163;107;
148607016 ;191;-6409.0;8405.0;-1967.0;-105.0;-2523.0;3875.0;-77.0;-175.0;-27.0;205;183;
148607025 ;192;-7509.0;7518.0;-366.0;467.0;-7020.0;3235.0;-77.0;-175.0;-27.0;99;121;
148607037 ;193;-6828.0;6479.0;-504.0;630.0;-10630.0;2132.0;-92.0;-166.0;-22.0;155;149;
148607087 ;195;-2715.0;5649.0;-4629.0;836.0;-17595.0;288.0;-103.0;-167.0;-9.0;148;40;
148607090 ;196;-1374.0;5624.0;-5900.0;714.0;-18811.0;-1042.0;-103.0;-167.0;-9.0;73;97;
148607095 ;197;282.0;5827.0;-4778.0;369.0;-16689.0;-2332.0;-105.0;-165.0;19.0;2;86;
148607096 ;198;3344.0;7047.0;-2773.0;-199.0;-11870.0;-2970.0;-105.0;-165.0;19.0;215;75;
148607097 ;199;6575.0;7472.0;-1419.0;-562.0;-6716.0;-3488.0;-94.0;-162.0;50.0;107;183;
148607106 ;200;7323.0;7084.0;-1025.0;-285.0;-2238.0;-4440.0;-94.0;-162.0;50.0;74;246;
148607117 ;201;4368.0;6748.0;-852.0;-1.0;1381.0;-5121.0;-78.0;-178.0;56.0;186;68;
148607156 ;205;641.0;4040.0;-2282.0;667.0;2605.0;-3397.0;-66.0;-186.0;54.0;23;123;
148607165 ;206;-398.0;3446.0;-2216.0;795.0;1721.0;-3249.0;-66.0;-186.0;54.0;145;105;
148607199 ;209;-3115.0;2412.0;-3357.0;1243.0;-1110.0;-2286.0;-54.0;-184.0;56.0;226;120;
148607205 ;210;-3718.0;2002.0;-3860.0;1279.0;-2922.0;-1911.0;-54.0;-184.0;56.0;114;232;
148607239 ;211;-3153.0;1756.0;-4265.0;1260.0;-5073.0;-1355.0;-41.0;-187.0;63.0;218;14;
148607245 ;213;-2059.0;2173.0;-2032.0;1107.0;-9237.0;-785.0;-33.0;-189.0;65.0;225;201;
148607251 ;214;-2323.0;2146.0;-1319.0;1236.0;-11860.0;-631.0;-33.0;-189.0;65.0;92;170;
148607256 ;215;-2480.0;2176.0;-1480.0;1423.0;-14082.0;-447.0;-20.0;-188.0;70.0;14;252;
148607270 ;216;-749.0;2538.0;-919.0;1207.0;-14485.0;-115.0;-20.0;-188.0;70.0;87;233;
148607276 ;217;2215.0;2710.0;-289.0;1038.0;-13033.0;86.0;-4.0;-192.0;74.0;255;145;
148607276 ;10;-31270.0;24342.0;-20467.0;11524.0;32260.0;-24357.0;-770.0;16639.0;19199.0;0;171;
148607305 ;220;7644.0;3365.0;2675.0;1157.0;994.0;-702.0;12.0;-188.0;68.0;238;74;
148607317 ;221;4966.0;2944.0;1323.0;1520.0;4571.0;-970.0;23.0;-181.0;67.0;242;50;
148607325 ;222;2422.0;3146.0;471.0;1627.0;6588.0;-950.0;23.0;-181.0;67.0;213;181;
148607338 ;223;1742.0;3426.0;285.0;1636.0;8003.0;-669.0;20.0;-174.0;74.0;69;29;
148607345 ;224;1043.0;3863.0;62.0;1293.0;8848.0;-240.0;20.0;-174.0;74.0;7;93;
148607356 ;225;761.0;3670.0;-24.0;1018.0;9342.0;22.0;10.0;-176.0;80.0;175;63;
148607390 ;227;540.0;3537.0;-513.0;318.0;9941.0;349.0;-2.0;-174.0;88.0;67;109;
148607394 ;228;536.0;3474.0;-768.0;-260.0;10127.0;458.0;-2.0;-174.0;88.0;229;35;
148607398 ;229;224.0;3265.0;-1475.0;-752.0;10054.0;396.0;-23.0;-175.0;91.0;141;199;
148607410 ;230;-164.0;3412.0;-1574.0;-1224.0;9913.0;454.0;-23.0;-175.0;91.0;11;109;
148607416 ;231;-1155.0;3724.0;-2743.0;-1857.0;8981.0;554.0;-37.0;-169.0;91.0;7;251;
148607425 ;232;-4251.0;3451.0;-3336.0;-2392.0;6867.0;415.0;-37.0;-169.0;91.0;142;234;
148607440 ;233;-6363.0;3043.0;-3302.0;-2702.0;5141.0;549.0;-57.0;-179.0;79.0;50;100;
148607445 ;234;-6685.0;2488.0;-4333.0;-2859.0;2604.0;527.0;-57.0;-179.0;79.0;16;68;
148607456 ;235;-8582.0;1968.0;-5683.0;-2371.0;-272.0;-93.0;-62.0;-178.0;68.0;111;39;
148607465 ;236;-8761.0;1483.0;-7569.0;-2038.0;-3465.0;156.0;-62.0;-178.0;68.0;52;188;
148607479 ;237;-5419.0;667.0;-9481.0;-1072.0;-7503.0;1892.0;-61.0;-183.0;63.0;86;226;
148607485 ;238;-1098.0;521.0;-9427.0;-660.0;-11560.0;3439.0;-61.0;-183.0;63.0;180;56;
148607496 ;239;1568.0;1123.0;-7022.0;-383.0;-14572.0;4154.0;-63.0;-183.0;69.0;13;185;
148607506 ;240;4632.0;2626.0;-3216.0;647.0;-15148.0;4598.0;-63.0;-183.0;69.0;104;164;
148607540 ;241;5483.0;10380.0;4061.0;755.0;-12982.0;6097.0;-52.0;-176.0;76.0;149;179;
148607541 ;242;7407.0;10259.0;1002.0;-175.0;-11686.0;5247.0;-52.0;-176.0;76.0;196;100;
148607548 ;243;8178.0;9228.0;4556.0;410.0;-8048.0;3709.0;-42.0;-178.0;86.0;73;151;
148607556 ;245;1298.0;4860.0;4441.0;1337.0;-2630.0;1309.0;-36.0;-176.0;92.0;67;213;
148607565 ;246;355.0;6926.0;3842.0;1378.0;-1653.0;626.0;-36.0;-176.0;92.0;163;19;
148607577 ;247;861.0;8606.0;3874.0;964.0;-360.0;-1.0;-31.0;-171.0;93.0;93;89;
148607585 ;248;1630.0;8913.0;2937.0;335.0;1445.0;-549.0;-31.0;-171.0;93.0;96;42;
148607597 ;249;1627.0;8719.0;1452.0;-199.0;3190.0;-1297.0;-35.0;-171.0;93.0;150;118;
148607605 ;250;1496.0;7852.0;-363.0;-560.0;4946.0;-2132.0;-35.0;-171.0;93.0;192;54;
148607619 ;251;955.0;6878.0;-2395.0;-220.0;6389.0;-2819.0;-32.0;-174.0;96.0;39;19;
148607625 ;252;1129.0;6210.0;-3479.0;358.0;7441.0;-3180.0;-32.0;-174.0;96.0;244;164;
148607636 ;253;1182.0;6150.0;-3828.0;484.0;7820.0;-3382.0;-40.0;-174.0;94.0;181;53;
148607645 ;254;545.0;6122.0;-3450.0;318.0;7488.0;-3512.0;-40.0;-174.0;94.0;32;114;
148607656 ;255;-650.0;5721.0;-2750.0;99.0;6547.0;-3597.0;-45.0;-175.0;89.0;176;150;
148607691 ;0;-1443.0;4943.0;-2205.0;-83.0;5643.0;-3520.0;-45.0;-175.0;89.0;183;99;
148607692 ;1;-1933.0;4330.0;-1578.0;-427.0;4578.0;-3192.0;-53.0;-181.0;91.0;143;141;
148607695 ;2;-1851.0;3866.0;-1028.0;-776.0;3570.0;-2928.0;-53.0;-181.0;91.0;239;67;
148607696 ;3;-1512.0;3554.0;-505.0;-1031.0;2951.0;-2792.0;-42.0;-178.0;80.0;56;118;
148607705 ;4;-1239.0;3347.0;83.0;-1398.0;2720.0;-2683.0;-42.0;-178.0;80.0;223;211;
148607717 ;5;-1256.0;3146.0;455.0;-1875.0;2601.0;-2628.0;-50.0;-186.0;76.0;71;183;
148607725 ;6;-1269.0;2769.0;807.0;-2405.0;2619.0;-2627.0;-50.0;-186.0;76.0;33;243;
148607736 ;7;-1391.0;2365.0;903.0;-2819.0;2574.0;-2650.0;-47.0;-187.0;79.0;147;115;
148607745 ;8;-1249.0;2120.0;1012.0;-3076.0;2552.0;-2683.0;-47.0;-187.0;79.0;96;36;
148607758 ;9;-899.0;2259.0;1598.0;-3483.0;2739.0;-2744.0;-38.0;-190.0;66.0;120;8;
148607765 ;10;-419.0;2357.0;1583.0;-3957.0;3041.0;-2799.0;-38.0;-190.0;66.0;203;57;
148607777 ;11;79.0;2389.0;1494.0;-4369.0;3455.0;-2861.0;-37.0;-199.0;59.0;58;108;
148607785 ;12;805.0;2380.0;1205.0;-4782.0;4247.0;-2875.0;-37.0;-199.0;59.0;88;36;
148607796 ;13;1829.0;2309.0;572.0;-5128.0;5224.0;-2874.0;-32.0;-202.0;46.0;10;146;
148607805 ;14;2360.0;2226.0;-200.0;-5298.0;5905.0;-2993.0;-32.0;-202.0;46.0;80;136;
148607841 ;15;2814.0;1997.0;-584.0;-5319.0;6922.0;-3133.0;-20.0;-202.0;36.0;13;83;
148607842 ;16;3549.0;1943.0;-1362.0;-5333.0;8093.0;-3223.0;-20.0;-202.0;36.0;220;8;
148607850 ;17;3604.0;1795.0;-2241.0;-5036.0;8854.0;-3439.0;-16.0;-204.0;16.0;74;86;
148607851 ;18;3332.0;1862.0;-2053.0;-4701.0;9857.0;-3716.0;-16.0;-204.0;16.0;98;204;
148607865 ;19;3112.0;1912.0;-2183.0;-4621.0;10876.0;-4269.0;-15.0;-207.0;7.0;79;223;
148607866 ;20;3280.0;1688.0;-2023.0;-4233.0;11802.0;-4606.0;-15.0;-207.0;7.0;142;26;
148607877 ;21;4234.0;1343.0;-2778.0;-3764.0;12670.0;-4620.0;3.0;-205.0;3.0;61;107;
148607885 ;22;4064.0;1544.0;-3476.0;-3161.0;13210.0;-4702.0;3.0;-205.0;3.0;201;61;
148607899 ;23;3681.0;1140.0;-4091.0;-2679.0;13460.0;-4966.0;25.0;-199.0;-3.0;54;160;
148607905 ;24;3059.0;1141.0;-4669.0;-2293.0;13674.0;-4876.0;25.0;-199.0;-3.0;55;243;
148607916 ;25;2204.0;1095.0;-4687.0;-2084.0;12794.0;-4692.0;45.0;-185.0;5.0;223;137;
148607925 ;26;2012.0;946.0;-3470.0;-2259.0;11627.0;-4161.0;45.0;-185.0;5.0;34;134;
148607936 ;27;2209.0;538.0;-1974.0;-2842.0;10271.0;-3422.0;52.0;-186.0;18.0;140;216;
148607946 ;28;2095.0;11.0;-1748.0;-3319.0;8982.0;-2358.0;52.0;-186.0;18.0;45;163;
148607956 ;29;808.0;366.0;-1910.0;-3443.0;8241.0;-1176.0;63.0;-177.0;27.0;62;104;
148607992 ;30;-1481.0;2203.0;-3001.0;-3490.0;7081.0;-4.0;63.0;-177.0;27.0;14;80;
148607993 ;31;-3939.0;4181.0;-3067.0;-3884.0;4510.0;788.0;63.0;-175.0;31.0;108;222;
148607995 ;32;-5352.0;4521.0;-3331.0;-4635.0;1848.0;1988.0;63.0;-175.0;31.0;128;52;
148607998 ;33;-6356.0;4581.0;-4641.0;-4806.0;-1140.0;3046.0;58.0;-178.0;28.0;98;220;
148608005 ;34;-7726.0;5134.0;-5297.0;-4558.0;-4574.0;3712.0;58.0;-178.0;28.0;188;140;
148608016 ;35;-9089.0;4968.0;-6247.0;-4333.0;-7734.0;4230.0;55.0;-185.0;21.0;120;116;
148608025 ;36;-9926.0;4262.0;-7827.0;-3837.0;-10461.0;4683.0;55.0;-185.0;21.0;66;18;
148608038 ;37;-11624.0;3783.0;-10294.0;-2764.0;-14063.0;5146.0;37.0;-195.0;3.0;196;98;
148608045 ;38;-12699.0;3972.0;-11108.0;-1969.0;-17549.0;5237.0;37.0;-195.0;3.0;232;158;
148608056 ;39;-9918.0;4047.0;-9843.0;-928.0;-18525.0;5474.0;19.0;-199.0;-23.0;16;62;
148608065 ;40;-3584.0;4458.0;-11645.0;-986.0;-20249.0;6323.0;19.0;-199.0;-23.0;203;63;
148608079 ;41;1726.0;5472.0;-11153.0;-1219.0;-24693.0;6193.0;-17.0;-195.0;-31.0;132;66;
148608086 ;42;4871.0;7585.0;-6907.0;-1137.0;-25852.0;5646.0;-17.0;-195.0;-31.0;109;119;
148608097 ;43;5496.0;9041.0;-441.0;-3083.0;-21900.0;4766.0;-57.0;-197.0;-29.0;51;19;
148608107 ;44;15265.0;4675.0;-411.0;-4094.0;-17276.0;2090.0;-57.0;-197.0;-29.0;48;94;
148608144 ;45;17277.0;1242.0;5641.0;-1202.0;-10027.0;366.0;-81.0;-185.0;-11.0;97;205;
148608145 ;46;14953.0;2232.0;7693.0;-284.0;-744.0;257.0;-81.0;-185.0;-11.0;199;233;
148608148 ;47;12641.0;2617.0;5285.0;-666.0;7994.0;-28.0;-98.0;-190.0;4.0;104;170;
148608152 ;48;6412.0;3148.0;2293.0;188.0;12019.0;-919.0;-98.0;-190.0;4.0;248;158;
148608164 ;49;3624.0;3100.0;-240.0;315.0;14002.0;-1641.0;-92.0;-188.0;-10.0;87;251;
148608165 ;50;2215.0;2578.0;-1727.0;362.0;14764.0;-1559.0;-92.0;-188.0;-10.0;110;16;
148608178 ;51;828.0;2536.0;-2958.0;708.0;14020.0;-1473.0;-77.0;-195.0;-23.0;194;40;
148608186 ;52;-365.0;3151.0;-3614.0;1287.0;13552.0;-1623.0;-77.0;-195.0;-23.0;197;45;
148608200 ;53;120.0;4082.0;-1358.0;1353.0;13615.0;-2258.0;-62.0;-196.0;-36.0;50;128;
148608205 ;54;-5105.0;4741.0;-3367.0;604.0;10760.0;-2013.0;-62.0;-196.0;-36.0;63;57;
148608216 ;55;-10796.0;4905.0;-3483.0;122.0;8000.0;-3075.0;-40.0;-196.0;-42.0;77;87;
148608225 ;56;-15790.0;5826.0;-2073.0;-1445.0;4603.0;-1169.0;-40.0;-196.0;-42.0;222;84;
148608236 ;57;-13511.0;3538.0;-2111.0;-2172.0;-453.0;415.0;-17.0;-199.0;-43.0;76;220;
148608248 ;58;-11845.0;5465.0;-2521.0;-921.0;-4961.0;508.0;-17.0;-199.0;-43.0;96;14;
148608256 ;59;-12402.0;4462.0;-4015.0;-1271.0;-10191.0;334.0;-16.0;-194.0;-46.0;219;57;
148608294 ;60;-9326.0;2248.0;-9398.0;7.0;-15246.0;969.0;-16.0;-194.0;-46.0;206;150;
148608296 ;61;-6605.0;916.0;-12993.0;1215.0;-18938.0;1518.0;-34.0;-194.0;-46.0;128;138;
148608302 ;62;-4011.0;441.0;-16039.0;2039.0;-22069.0;1983.0;-34.0;-194.0;-46.0;164;118;
148608303 ;63;-1052.0;755.0;-18278.0;2633.0;-25251.0;2481.0;-60.0;-188.0;-28.0;127;121;
148608307 ;64;2312.0;1353.0;-19937.0;3093.0;-28855.0;2871.0;-60.0;-188.0;-28.0;190;242;
148608317 ;65;6317.0;2812.0;-19319.0;3453.0;-30975.0;3286.0;-85.0;-189.0;-3.0;79;211;
148608325 ;66;12607.0;4568.0;-13223.0;2073.0;-27669.0;3506.0;-85.0;-189.0;-3.0;48;6;
148608341 ;67;22700.0;9531.0;-349.0;-3529.0;-19758.0;4688.0;-90.0;-182.0;52.0;163;225;
148608346 ;68;29829.0;8322.0;1450.0;-7973.0;-10449.0;4115.0;-90.0;-182.0;52.0;190;138;
148608357 ;69;27371.0;-2972.0;6083.0;-1572.0;-3434.0;788.0;-77.0;-187.0;65.0;161;75;
148608365 ;70;17932.0;-359.0;3572.0;439.0;7324.0;1099.0;-77.0;-187.0;65.0;80;118;
148608376 ;71;14566.0;1510.0;-2407.0;113.0;14795.0;1123.0;-77.0;-191.0;65.0;24;104;
148608391 ;72;10205.0;2408.0;-6581.0;801.0;18643.0;113.0;-77.0;-191.0;65.0;251;47;
148608397 ;73;6714.0;3722.0;-10320.0;1349.0;21359.0;272.0;-92.0;-188.0;52.0;29;25;
148608407 ;74;2572.0;4462.0;-13281.0;1862.0;23625.0;326.0;-92.0;-188.0;52.0;71;13;
148608445 ;75;215.0;5653.0;-14334.0;2038.0;24424.0;-602.0;-105.0;-189.0;21.0;149;35;
148608446 ;76;-1574.0;5830.0;-14659.0;1282.0;22938.0;-2356.0;-105.0;-189.0;21.0;81;209;
148608447 ;77;-4726.0;4482.0;-14428.0;-146.0;18563.0;-3417.0;-93.0;-187.0;-9.0;153;17;
148608451 ;78;-11816.0;6574.0;-7827.0;-3889.0;12128.0;-1911.0;-93.0;-187.0;-9.0;225;185;
148608458 ;79;-18279.0;3009.0;-7463.0;-5835.0;4705.0;-265.0;-62.0;-196.0;-40.0;170;202;
148608465 ;80;-19186.0;-3104.0;-5548.0;-1027.0;-3490.0;987.0;-62.0;-196.0;-40.0;71;199;
148608476 ;81;-11708.0;1689.0;-7646.0;1233.0;-9531.0;481.0;-57.0;-187.0;-53.0;94;46;
148608485 ;82;-6901.0;4080.0;-9958.0;1420.0;-15288.0;-622.0;-57.0;-187.0;-53.0;94;118;
148608496 ;83;-2392.0;2941.0;-11987.0;1940.0;-19535.0;821.0;-73.0;-183.0;-41.0;172;220;
148608505 ;84;353.0;2504.0;-12521.0;2253.0;-22401.0;2760.0;-73.0;-183.0;-41.0;57;1;
148608516 ;85;4334.0;2681.0;-12746.0;2409.0;-24219.0;3367.0;-91.0;-183.0;-11.0;144;98;
148608532 ;86;8995.0;4421.0;-5003.0;563.0;-21616.0;2488.0;-91.0;-183.0;-11.0;142;236;
148608536 ;87;18536.0;5882.0;-116.0;-3727.0;-15919.0;1818.0;-102.0;-178.0;32.0;231;187;
148608545 ;88;28584.0;3211.0;7110.0;-1271.0;-10207.0;889.0;-102.0;-178.0;32.0;144;106;
148608582 ;89;24425.0;3878.0;6754.0;-585.0;2404.0;468.0;-103.0;-181.0;51.0;7;7;
148608595 ;90;17045.0;2307.0;724.0;484.0;11735.0;348.0;-103.0;-181.0;51.0;152;216;
148608596 ;91;9277.0;3153.0;-3709.0;1571.0;16144.0;-334.0;-102.0;-182.0;52.0;245;229;
148608600 ;92;5783.0;2259.0;-8054.0;1485.0;18927.0;-1317.0;-102.0;-182.0;52.0;109;237;
148608601 ;93;3081.0;1906.0;-10863.0;1756.0;21115.0;-1501.0;-113.0;-179.0;29.0;62;182;
148608605 ;94;-1260.0;2013.0;-12160.0;2549.0;20861.0;-1330.0;-113.0;-179.0;29.0;86;42;
148608616 ;95;-4016.0;2221.0;-10387.0;2870.0;19189.0;-1733.0;-107.0;-191.0;-3.0;70;92;
148608625 ;96;-6963.0;2662.0;-8744.0;2541.0;16063.0;-2316.0;-107.0;-191.0;-3.0;13;187;
148608636 ;97;-11355.0;4094.0;-3714.0;-597.0;10313.0;-2760.0;-91.0;-191.0;-29.0;139;65;
148608645 ;98;-16481.0;2579.0;-3971.0;-1704.0;5178.0;-935.0;-91.0;-191.0;-29.0;46;46;
148608656 ;99;-17153.0;1289.0;-3903.0;1013.0;-1538.0;263.0;-62.0;-198.0;-38.0;209;29;
148608671 ;100;-11114.0;2835.0;-4754.0;1840.0;-8420.0;182.0;-62.0;-198.0;-38.0;44;8;
148608676 ;101;-8658.0;4918.0;-6897.0;1750.0;-13472.0;-617.0;-71.0;-193.0;-39.0;65;193;
148608696 ;103;-957.0;4109.0;-11341.0;3186.0;-22399.0;2244.0;-78.0;-200.0;-24.0;181;137;
148608705 ;104;1909.0;4868.0;-13048.0;3308.0;-25716.0;2688.0;-78.0;-200.0;-24.0;114;2;
148608746 ;105;3903.0;6459.0;-11368.0;2513.0;-27458.0;1919.0;-92.0;-192.0;18.0;70;102;
148608748 ;106;4601.0;7268.0;-10260.0;1291.0;-27190.0;776.0;-92.0;-192.0;18.0;79;71;
148608757 ;108;6075.0;9704.0;-7417.0;-616.0;-24091.0;-524.0;-85.0;-191.0;65.0;150;64;
148608758 ;109;8695.0;8947.0;-4946.0;-2386.0;-20611.0;-1378.0;-48.0;-194.0;88.0;42;90;
148608765 ;110;13326.0;8092.0;-1610.0;-3239.0;-16168.0;-1047.0;-48.0;-194.0;88.0;112;164;
148608776 ;111;16643.0;8234.0;1518.0;-4384.0;-8933.0;25.0;-8.0;-198.0;90.0;131;175;
148608785 ;112;15328.0;6465.0;2087.0;-5429.0;-3545.0;-333.0;-8.0;-198.0;90.0;71;215;
148608796 ;113;13041.0;2813.0;2938.0;-4545.0;558.0;-1014.0;5.0;-207.0;71.0;41;153;
148608808 ;114;11661.0;3203.0;2223.0;-3805.0;6443.0;-528.0;5.0;-207.0;71.0;93;177;
148608816 ;115;7861.0;5250.0;-303.0;-3153.0;9586.0;-810.0;10.0;-212.0;66.0;87;241;
148608825 ;116;4982.0;6364.0;-1820.0;-2706.0;11431.0;-1523.0;10.0;-212.0;66.0;171;159;
148608837 ;117;2058.0;7146.0;-2110.0;-2690.0;12276.0;-2290.0;-6.0;-212.0;54.0;100;208;
148608853 ;118;-830.0;7742.0;-2390.0;-3359.0;12358.0;-3111.0;-6.0;-212.0;54.0;201;177;
148608858 ;119;-2938.0;7944.0;-1639.0;-4076.0;12839.0;-3934.0;-4.0;-212.0;52.0;29;31;
148608897 ;120;-2236.0;7296.0;-730.0;-4713.0;14066.0;-4473.0;-4.0;-212.0;52.0;23;149;
148608936 ;127;-3788.0;4981.0;-1261.0;-2567.0;9273.0;-5417.0;28.0;-214.0;36.0;217;223;
148608976 ;131;2941.0;1804.0;168.0;-1645.0;9988.0;-5322.0;63.0;-197.0;41.0;106;58;
148608997 ;133;4444.0;75.0;-1550.0;-565.0;12124.0;-5135.0;58.0;-186.0;52.0;52;74;
148609005 ;134;3887.0;-889.0;-2248.0;87.0;12733.0;-4871.0;58.0;-186.0;52.0;125;65;
148609071 ;140;-987.0;-2278.0;3049.0;469.0;5721.0;-2903.0;51.0;-161.0;107.0;186;78;
148609096 ;143;-658.0;-918.0;2468.0;-1127.0;3602.0;-2367.0;30.0;-156.0;124.0;159;189;
148609116 ;145;-1983.0;-210.0;1209.0;-2492.0;2393.0;-1257.0;21.0;-157.0;129.0;132;104;
148609144 ;147;-2516.0;1568.0;1218.0;-4025.0;-703.0;401.0;16.0;-166.0;124.0;183;209;
148609145 ;147;-2516.0;1568.0;1218.0;-4025.0;-703.0;401.0;16.0;-166.0;124.0;183;209;
148609159 ;149;-1855.0;1618.0;-1371.0;-5193.0;-3965.0;2082.0;19.0;-175.0;111.0;128;90;
148609199 ;151;-1663.0;1768.0;-5451.0;-5336.0;-5987.0;3334.0;25.0;-185.0;99.0;53;11;
148609201 ;153;-4129.0;1933.0;-8886.0;-4469.0;-8036.0;4397.0;27.0;-197.0;85.0;41;49;
148609205 ;154;-5423.0;2130.0;-9329.0;-3950.0;-9868.0;5207.0;27.0;-197.0;85.0;39;131;
148609216 ;155;-5605.0;1705.0;-10151.0;-3642.0;-12581.0;6167.0;24.0;-208.0;64.0;192;212;
148609227 ;156;-5934.0;3354.0;-6134.0;-4038.0;-16891.0;7941.0;24.0;-208.0;64.0;49;133;
148609245 ;158;-10621.0;9941.0;-5053.0;-2340.0;-25930.0;10259.0;15.0;-219.0;43.0;6;126;
148609257 ;159;-8303.0;13007.0;-8229.0;-2125.0;-32152.0;9819.0;-2.0;-226.0;28.0;63;45;
148609265 ;160;-10142.0;16394.0;-6151.0;-1536.0;-32767.0;6726.0;-2.0;-226.0;28.0;63;191;
148609276 ;161;-11821.0;10645.0;-18553.0;467.0;-32767.0;2805.0;-37.0;-225.0;21.0;204;120;
148609285 ;162;-6602.0;8042.0;-24095.0;4714.0;-29256.0;1154.0;-37.0;-225.0;21.0;71;119;
148609298 ;163;17588.0;15092.0;1345.0;-2644.0;-21056.0;2741.0;-41.0;-223.0;31.0;27;145;
148609305 ;164;23075.0;14105.0;643.0;-5376.0;-7806.0;941.0;-41.0;-223.0;31.0;51;151;
148609316 ;165;20184.0;6744.0;13549.0;-8556.0;192.0;-2498.0;-28.0;-224.0;38.0;22;34;
148609348 ;166;9510.0;-2949.0;1931.0;-5984.0;4223.0;-427.0;-28.0;-224.0;38.0;174;226;
148609355 ;168;10213.0;6382.0;-3706.0;-3635.0;12156.0;-1393.0;-31.0;-229.0;23.0;94;54;
148609357 ;169;7594.0;4500.0;-5912.0;-2717.0;13376.0;-2804.0;-22.0;-224.0;2.0;230;98;
148609368 ;170;5633.0;1789.0;-5835.0;-1683.0;15398.0;-3746.0;-22.0;-224.0;2.0;45;89;
148609376 ;171;4239.0;593.0;-4987.0;-2127.0;18284.0;-4532.0;-8.0;-230.0;-6.0;214;12;
148609385 ;172;6471.0;-1023.0;-3419.0;-3504.0;21679.0;-5262.0;-8.0;-230.0;-6.0;117;85;
148609397 ;173;7521.0;-3587.0;-5625.0;-3572.0;24981.0;-3599.0;14.0;-224.0;-6.0;48;196;
148609403 ;174;2322.0;-2399.0;-10135.0;-1492.0;26981.0;-2785.0;14.0;-224.0;-6.0;249;157;
148609403 ;3;6637.0;-10499.0;22740.0;-9729.0;-24731.0;9968.0;10240.0;2815.0;1024.0;32;12;
148609438 ;177;-4398.0;2686.0;-5506.0;-564.0;19459.0;-1396.0;39.0;-213.0;35.0;157;159;
148609445 ;178;-3868.0;1666.0;-5091.0;-2549.0;13071.0;-1748.0;39.0;-213.0;35.0;29;61;
148609456 ;179;-4560.0;-795.0;-2182.0;-4134.0;8050.0;-1695.0;31.0;-211.0;57.0;133;231;
148609465 ;180;-3526.0;-2215.0;-1222.0;-4042.0;6629.0;-877.0;31.0;-211.0;57.0;198;152;
148609500 ;181;-2268.0;-1642.0;-1483.0;-2962.0;3927.0;-1010.0;29.0;-213.0;57.0;10;44;
148609501 ;182;-591.0;378.0;735.0;-2934.0;2080.0;-844.0;29.0;-213.0;57.0;192;152;
148609502 ;183;1078.0;684.0;961.0;-4177.0;730.0;-54.0;29.0;-217.0;55.0;74;156;
148609511 ;184;2302.0;132.0;416.0;-4826.0;-132.0;822.0;29.0;-217.0;55.0;78;206;
148609516 ;185;2467.0;755.0;-899.0;-4858.0;-861.0;1751.0;28.0;-224.0;46.0;213;193;
148609527 ;186;641.0;1991.0;-2588.0;-4830.0;-1450.0;2509.0;28.0;-224.0;46.0;172;136;
148609536 ;187;-2904.0;2961.0;-4775.0;-4848.0;-2698.0;3069.0;22.0;-220.0;24.0;36;190;
148609545 ;188;-6005.0;3832.0;-7162.0;-4239.0;-5069.0;3509.0;22.0;-220.0;24.0;219;205;
148609557 ;189;-8305.0;4650.0;-8643.0;-3435.0;-7527.0;3843.0;12.0;-230.0;8.0;237;237;
148609565 ;190;-10050.0;4426.0;-10347.0;-2996.0;-10612.0;4358.0;12.0;-230.0;8.0;43;255;
148609579 ;191;-11499.0;5281.0;-10386.0;-2720.0;-15541.0;5234.0;-5.0;-233.0;1.0;197;201;
148609585 ;192;-12464.0;7076.0;-8214.0;-2285.0;-22314.0;5736.0;-5.0;-233.0;1.0;168;246;
148609597 ;193;-7428.0;7671.0;-8612.0;-1417.0;-25477.0;7235.0;-26.0;-226.0;-14.0;241;93;
148609605 ;194;668.0;6672.0;-14159.0;-1769.0;-30583.0;7851.0;-26.0;-226.0;-14.0;10;170;
148609651 ;196;1743.0;6850.0;-13303.0;856.0;-32767.0;4399.0;-65.0;-219.0;-3.0;110;70;
148609652 ;197;3414.0;5216.0;-16165.0;2720.0;-29696.0;2502.0;-88.0;-212.0;38.0;94;144;
148609655 ;198;12287.0;10226.0;-3533.0;-596.0;-20877.0;903.0;-88.0;-212.0;38.0;168;130;
148609656 ;199;20461.0;10713.0;2757.0;-4025.0;-10593.0;927.0;-67.0;-209.0;77.0;131;205;
148609665 ;200;18130.0;6181.0;7293.0;-5880.0;-1765.0;-1273.0;-67.0;-209.0;77.0;30;10;
148609677 ;201;12747.0;-2298.0;4851.0;-3332.0;2970.0;-1915.0;-53.0;-217.0;75.0;60;76;
148609685 ;202;11266.0;464.0;1407.0;-2551.0;11274.0;-1897.0;-53.0;-217.0;75.0;118;116;
148609696 ;203;8431.0;4710.0;-2339.0;-1331.0;14525.0;-3004.0;-51.0;-223.0;61.0;108;162;
148609705 ;204;6531.0;6019.0;-3982.0;-865.0;16391.0;-4031.0;-51.0;-223.0;61.0;202;46;
148609718 ;205;5514.0;4891.0;-4642.0;-337.0;18359.0;-4916.0;-55.0;-223.0;43.0;5;1;
148609725 ;206;3498.0;3747.0;-5202.0;-418.0;19891.0;-5815.0;-55.0;-223.0;43.0;154;150;
148609736 ;207;2214.0;2730.0;-2888.0;-641.0;21467.0;-6990.0;-47.0;-231.0;37.0;84;22;
148609745 ;208;4815.0;1179.0;-4143.0;-1113.0;23416.0;-6847.0;-47.0;-231.0;37.0;226;176;
148609756 ;209;3598.0;68.0;-6001.0;-1190.0;22740.0;-5264.0;-33.0;-231.0;25.0;189;177;
148609765 ;210;1591.0;-1046.0;-7305.0;-584.0;21147.0;-4736.0;-33.0;-231.0;25.0;150;114;
148609801 ;211;-688.0;-1336.0;-4418.0;-359.0;18791.0;-3793.0;-13.0;-233.0;23.0;62;82;
148609802 ;212;618.0;-1072.0;-1074.0;-2796.0;14778.0;-2263.0;-13.0;-233.0;23.0;57;199;
148609807 ;213;1443.0;-3151.0;-2216.0;-3393.0;12318.0;-658.0;-3.0;-233.0;21.0;43;187;
148609808 ;214;-71.0;-2458.0;-4555.0;-1760.0;11385.0;507.0;-3.0;-233.0;21.0;24;120;
148609816 ;215;-3999.0;1046.0;-4936.0;-1081.0;7751.0;415.0;2.0;-228.0;14.0;2;62;
148609825 ;216;-6930.0;4935.0;-199.0;-2242.0;3450.0;360.0;2.0;-228.0;14.0;182;82;
148609837 ;217;-8377.0;4885.0;-1504.0;-4369.0;-505.0;1465.0;2.0;-228.0;14.0;54;28;
148609845 ;218;-8937.0;3523.0;-5282.0;-4654.0;-5582.0;2489.0;2.0;-228.0;14.0;217;249;
148609859 ;219;-9062.0;2874.0;-8919.0;-3285.0;-10565.0;2953.0;-7.0;-231.0;9.0;34;172;
148609865 ;220;-8848.0;2807.0;-11469.0;-2175.0;-14630.0;2912.0;-7.0;-231.0;9.0;246;174;
148609876 ;221;-9063.0;2265.0;-14629.0;-1176.0;-17473.0;2535.0;-18.0;-230.0;-8.0;200;244;
148609885 ;222;-8653.0;1453.0;-18210.0;371.0;-21056.0;2576.0;-18.0;-230.0;-8.0;89;33;
148609896 ;223;-5786.0;2693.0;-18040.0;2244.0;-26157.0;3826.0;-37.0;-229.0;-5.0;78;122;
148609905 ;224;-1424.0;6442.0;-16567.0;2450.0;-32400.0;6670.0;-37.0;-229.0;-5.0;97;63;
148609916 ;225;4192.0;7880.0;-21722.0;1861.0;-32767.0;8473.0;-60.0;-220.0;16.0;47;235;
148609952 ;226;5039.0;10319.0;-20792.0;-1154.0;-32767.0;6587.0;-60.0;-220.0;16.0;127;35;
148609953 ;227;9670.0;3018.0;-29740.0;-826.0;-32767.0;4168.0;-63.0;-221.0;55.0;224;130;
148609955 ;228;15755.0;10447.0;-8779.0;-2907.0;-27695.0;2934.0;-63.0;-221.0;55.0;246;76;
148609965 ;229;21743.0;11172.0;-6813.0;-4197.0;-18031.0;973.0;-40.0;-222.0;74.0;79;95;
148609966 ;230;19213.0;5904.0;2976.0;-7104.0;-7991.0;-457.0;-40.0;-222.0;74.0;126;210;
148609977 ;231;15016.0;-4096.0;2643.0;-9255.0;-2316.0;932.0;-19.0;-227.0;63.0;204;158;
148609985 ;232;9001.0;-514.0;-265.0;-4618.0;4894.0;920.0;-19.0;-227.0;63.0;68;128;
148609998 ;233;10250.0;4997.0;-1220.0;-2011.0;10375.0;-427.0;-21.0;-231.0;45.0;98;182;
148610005 ;234;7616.0;8474.0;-4940.0;-1814.0;13244.0;-1985.0;-21.0;-231.0;45.0;3;251;
148610016 ;235;4877.0;8745.0;-4324.0;-1625.0;15426.0;-3222.0;-23.0;-233.0;31.0;35;127;
148610032 ;236;3758.0;7721.0;-3877.0;-2357.0;17284.0;-4785.0;-23.0;-233.0;31.0;197;195;
148610036 ;237;2814.0;5367.0;-1692.0;-3485.0;19554.0;-6950.0;-14.0;-230.0;26.0;108;62;
148610045 ;238;6678.0;2192.0;-2261.0;-4127.0;22986.0;-8069.0;-14.0;-230.0;26.0;116;120;
148610069 ;240;538.0;-965.0;-11746.0;-2132.0;26276.0;-7009.0;1.0;-229.0;19.0;187;221;
148610103 ;241;-2458.0;-993.0;-12422.0;717.0;26306.0;-6087.0;21.0;-221.0;25.0;67;119;
148610105 ;242;-2973.0;414.0;-11085.0;2048.0;23513.0;-4905.0;21.0;-221.0;25.0;232;214;
148610106 ;243;-4079.0;473.0;-9241.0;2005.0;18561.0;-4791.0;32.0;-216.0;56.0;20;172;
148610111 ;244;-5720.0;938.0;-4726.0;1678.0;12973.0;-4041.0;32.0;-216.0;56.0;236;78;
148610138 ;247;-1527.0;-438.0;2003.0;971.0;3618.0;-2495.0;18.0;-208.0;88.0;20;152;
148610176 ;251;1178.0;-213.0;3686.0;-1611.0;2167.0;-2151.0;24.0;-200.0;88.0;197;41;
148610196 ;253;970.0;-106.0;3500.0;-2630.0;2452.0;-1368.0;26.0;-202.0;90.0;217;223;
148610208 ;254;661.0;-96.0;3009.0;-3519.0;2213.0;-649.0;26.0;-202.0;90.0;39;203;
148610253 ;0;41.0;-423.0;1028.0;-4771.0;803.0;570.0;22.0;-204.0;82.0;249;131;
148610262 ;2;-207.0;1635.0;-1803.0;-5073.0;-650.0;1908.0;28.0;-216.0;78.0;76;48;
148610267 ;4;-1782.0;3873.0;-6021.0;-4999.0;-2174.0;2563.0;24.0;-216.0;64.0;46;6;
148610285 ;6;-4973.0;5167.0;-9743.0;-3973.0;-5055.0;3376.0;13.0;-221.0;45.0;237;167;
148610296 ;7;-5654.0;5572.0;-10005.0;-3969.0;-6842.0;3949.0;6.0;-228.0;34.0;249;69;
148610308 ;8;-5650.0;5946.0;-7136.0;-4735.0;-9685.0;5116.0;6.0;-228.0;34.0;35;121;
148610316 ;9;-6550.0;11382.0;-4252.0;-4899.0;-14214.0;6444.0;-8.0;-230.0;20.0;236;62;
148610325 ;10;-7798.0;13970.0;2563.0;-4418.0;-18618.0;7608.0;-8.0;-230.0;20.0;22;20;
148610405 ;10;-24561.0;-29704.0;13079.0;12761.0;16123.0;-29794.0;-23034.0;11519.0;6911.0;0;119;
148610407 ;17;5083.0;1936.0;-2456.0;-984.0;-18672.0;-1859.0;-84.0;-216.0;54.0;198;126;
148610411 ;18;10200.0;2925.0;3416.0;-1500.0;-11157.0;-1132.0;-84.0;-216.0;54.0;12;72;
148610424 ;19;15288.0;4735.0;5288.0;-3420.0;-4185.0;-1124.0;-53.0;-219.0;71.0;117;187;
148610427 ;20;17753.0;5538.0;4902.0;-3256.0;2174.0;-2409.0;-53.0;-219.0;71.0;79;165;
148610437 ;21;11548.0;5300.0;1838.0;-2145.0;8287.0;-3378.0;-43.0;-215.0;63.0;149;111;
148610445 ;22;8595.0;4574.0;-1107.0;-1586.0;12231.0;-4240.0;-43.0;-215.0;63.0;226;148;
148610456 ;23;7361.0;3873.0;-3168.0;-1359.0;14747.0;-4547.0;-41.0;-223.0;59.0;188;106;
148610477 ;24;6313.0;3927.0;-3056.0;-1071.0;16942.0;-4745.0;-41.0;-223.0;59.0;62;46;
148610478 ;25;4074.0;3822.0;-3919.0;-564.0;18332.0;-5223.0;-36.0;-226.0;46.0;47;3;
148610489 ;26;1036.0;4064.0;-3628.0;-73.0;20316.0;-5810.0;-36.0;-226.0;46.0;198;226;
148610495 ;27;1717.0;3404.0;-4127.0;-170.0;22420.0;-6417.0;-37.0;-229.0;39.0;89;73;
148610517 ;29;-2453.0;2296.0;-8775.0;9.0;21260.0;-5421.0;-22.0;-226.0;34.0;139;135;
148610555 ;30;-5039.0;2023.0;-7766.0;530.0;18449.0;-5169.0;-22.0;-226.0;34.0;77;153;
148610556 ;31;-6249.0;2010.0;-5157.0;-114.0;14056.0;-4388.0;-16.0;-224.0;40.0;25;205;
148610560 ;32;-6651.0;719.0;-1926.0;-791.0;10164.0;-3650.0;-16.0;-224.0;40.0;29;151;
148610561 ;33;-4588.0;-656.0;1061.0;-694.0;6278.0;-3156.0;-3.0;-229.0;37.0;162;232;
148610566 ;34;-533.0;-1239.0;3731.0;227.0;3708.0;-2526.0;-3.0;-229.0;37.0;185;215;
148610577 ;35;3719.0;-681.0;5494.0;-634.0;3436.0;-2059.0;3.0;-233.0;39.0;233;157;
148610585 ;36;3710.0;-480.0;5034.0;-1600.0;4225.0;-1644.0;3.0;-233.0;39.0;204;16;
148610596 ;37;479.0;647.0;2947.0;-1384.0;4987.0;-1529.0;11.0;-221.0;35.0;183;223;
148610605 ;38;-3366.0;1813.0;2812.0;-1998.0;3594.0;-1221.0;11.0;-221.0;35.0;6;58;
148610616 ;39;-3950.0;2812.0;2220.0;-3113.0;2055.0;-239.0;13.0;-221.0;37.0;202;12;
148610628 ;40;-2989.0;2745.0;-121.0;-3725.0;-132.0;455.0;13.0;-221.0;37.0;221;93;
148610636 ;41;-2649.0;2337.0;-1885.0;-4197.0;-2153.0;1236.0;12.0;-226.0;30.0;235;21;
148610647 ;42;-2399.0;2464.0;-4161.0;-3904.0;-3405.0;2129.0;12.0;-226.0;30.0;55;117;
148610656 ;43;-2653.0;3191.0;-6166.0;-3606.0;-4624.0;2520.0;10.0;-224.0;14.0;17;45;
148610665 ;44;-3818.0;3275.0;-8862.0;-2814.0;-6230.0;2352.0;10.0;-224.0;14.0;107;193;
148610706 ;45;-5781.0;3092.0;-11200.0;-1409.0;-8421.0;2289.0;5.0;-227.0;5.0;113;83;
148610718 ;48;-3049.0;9341.0;-2074.0;-1885.0;-19898.0;5134.0;-12.0;-230.0;-4.0;159;233;
148610720 ;49;3577.0;11171.0;-2614.0;-1990.0;-21221.0;5953.0;-32.0;-222.0;0.0;64;184;
148610725 ;50;6934.0;8145.0;-3632.0;-2811.0;-22592.0;5002.0;-32.0;-222.0;0.0;60;54;
148610736 ;51;9362.0;5543.0;-4729.0;-1924.0;-23384.0;2452.0;-56.0;-218.0;-2.0;137;141;
148610745 ;52;9073.0;2966.0;-2406.0;-841.0;-18310.0;1583.0;-56.0;-218.0;-2.0;38;242;
148610756 ;53;8902.0;1480.0;1451.0;-704.0;-12257.0;3.0;-76.0;-220.0;12.0;213;117;
148610769 ;54;9794.0;388.0;3766.0;-307.0;-5580.0;-729.0;-76.0;-220.0;12.0;0;238;
148610776 ;55;7874.0;1807.0;6127.0;-129.0;1001.0;-895.0;-84.0;-216.0;24.0;46;186;
148610785 ;56;5569.0;2591.0;5302.0;-383.0;5435.0;-1619.0;-84.0;-216.0;24.0;138;232;
148610797 ;57;2795.0;3149.0;4406.0;-203.0;8052.0;-2293.0;-73.0;-213.0;31.0;192;74;
148610805 ;58;2753.0;2929.0;3506.0;-268.0;10803.0;-2775.0;-73.0;-213.0;31.0;214;82;
148610816 ;59;5118.0;2317.0;1258.0;-13.0;13726.0;-2945.0;-67.0;-217.0;23.0;171;183;
148610825 ;60;7893.0;2005.0;-1105.0;577.0;16976.0;-2724.0;-67.0;-217.0;23.0;254;46;
148610857 ;61;9059.0;2759.0;-2896.0;1086.0;19297.0;-1875.0;-65.0;-219.0;11.0;226;10;
148610863 ;63;4308.0;3771.0;-4358.0;1354.0;17286.0;-993.0;-46.0;-226.0;-6.0;24;208;
148610868 ;64;-1252.0;4540.0;-6343.0;1848.0;15345.0;-770.0;-46.0;-226.0;-6.0;186;192;
148610876 ;65;-7585.0;7371.0;-7250.0;273.0;13034.0;-1133.0;-34.0;-234.0;-2.0;207;37;
148610885 ;66;-10866.0;7631.0;-8497.0;-1817.0;8820.0;-1290.0;-34.0;-234.0;-2.0;188;124;
148610897 ;67;-8585.0;4408.0;-7912.0;-2709.0;4633.0;-1085.0;-21.0;-229.0;-7.0;73;75;
148610907 ;68;-5522.0;1134.0;-7953.0;-2793.0;277.0;-177.0;-21.0;-229.0;-7.0;115;63;
148610925 ;70;-6363.0;-1499.0;-7362.0;-1078.0;-9729.0;1060.0;-19.0;-223.0;-11.0;129;93;
148610945 ;72;-2040.0;2661.0;-4362.0;694.0;-19191.0;2737.0;-26.0;-222.0;-16.0;235;157;
148611009 ;75;11760.0;2076.0;1650.0;-1028.0;-17532.0;2563.0;-65.0;-221.0;-5.0;75;117;
148611011 ;76;11201.0;1133.0;3198.0;-614.0;-12586.0;1932.0;-65.0;-221.0;-5.0;5;251;
148611015 ;77;7247.0;1657.0;3523.0;-93.0;-8079.0;1267.0;-79.0;-213.0;13.0;2;40;
148611017 ;79;1400.0;4003.0;3237.0;623.0;-3629.0;206.0;-84.0;-212.0;22.0;72;10;
148611026 ;80;-177.0;4085.0;2948.0;664.0;-2445.0;-77.0;-84.0;-212.0;22.0;252;122;
148611037 ;81;-1367.0;4139.0;2047.0;653.0;-1593.0;-323.0;-85.0;-215.0;27.0;86;128;
148611056 ;83;-3985.0;4681.0;458.0;617.0;-1917.0;-1068.0;-88.0;-216.0;34.0;167;235;
148611065 ;84;-4303.0;5137.0;456.0;627.0;-2323.0;-1422.0;-88.0;-216.0;34.0;64;44;
148611077 ;85;-2625.0;5789.0;558.0;559.0;-2848.0;-1184.0;-81.0;-219.0;35.0;107;153;
148611085 ;86;-1189.0;6791.0;1008.0;368.0;-3660.0;-916.0;-81.0;-219.0;35.0;221;191;
148611099 ;87;-119.0;6833.0;1641.0;262.0;-4154.0;-854.0;-74.0;-212.0;38.0;171;11;
148611125 ;90;-596.0;6935.0;1754.0;492.0;-4542.0;-838.0;-68.0;-218.0;42.0;28;70;
148611161 ;91;-872.0;7026.0;1325.0;411.0;-5375.0;-1025.0;-63.0;-213.0;49.0;117;251;
148611162 ;92;-801.0;6333.0;690.0;448.0;-6233.0;-1292.0;-63.0;-213.0;49.0;66;20;
148611163 ;93;99.0;4939.0;277.0;358.0;-6491.0;-1467.0;-61.0;-213.0;57.0;180;18;
148611188 ;96;1924.0;3625.0;-327.0;680.0;-1800.0;-2020.0;-45.0;-215.0;65.0;236;92;
148611196 ;97;2347.0;3315.0;-1286.0;1212.0;-570.0;-2134.0;-35.0;-217.0;67.0;27;241;
148611207 ;98;1985.0;3502.0;-1677.0;1368.0;109.0;-1940.0;-35.0;-217.0;67.0;238;186;
148611216 ;99;2275.0;3359.0;-1279.0;1102.0;586.0;-1672.0;-33.0;-219.0;75.0;252;120;
148611226 ;100;4057.0;3122.0;-17.0;777.0;851.0;-1173.0;-33.0;-219.0;75.0;183;205;
148611245 ;102;5704.0;1824.0;1483.0;372.0;2076.0;-116.0;-22.0;-214.0;72.0;99;97;
148611258 ;103;4664.0;2028.0;1537.0;463.0;2379.0;437.0;-20.0;-214.0;78.0;17;59;
148611265 ;104;2907.0;2710.0;1171.0;439.0;2747.0;893.0;-20.0;-214.0;78.0;142;232;
148611277 ;105;648.0;3953.0;1341.0;-106.0;3177.0;1303.0;-34.0;-212.0;74.0;87;41;
148611312 ;106;-596.0;4679.0;770.0;-1110.0;3301.0;1625.0;-34.0;-212.0;74.0;226;26;
148611313 ;107;-1514.0;4464.0;-110.0;-1617.0;3061.0;1511.0;-33.0;-215.0;79.0;160;82;
148611315 ;108;-2348.0;4078.0;-1022.0;-1860.0;2527.0;1222.0;-33.0;-215.0;79.0;22;146;
148611327 ;110;-2325.0;3735.0;-3035.0;-2074.0;1192.0;1052.0;-49.0;-211.0;77.0;39;27;
148611336 ;111;-1812.0;3663.0;-3516.0;-2032.0;224.0;1220.0;-50.0;-216.0;66.0;246;202;
148611357 ;113;-1209.0;3618.0;-2012.0;-1835.0;-1572.0;1423.0;-60.0;-222.0;58.0;125;73;
148611365 ;114;-146.0;4228.0;327.0;-1645.0;-1841.0;1625.0;-60.0;-222.0;58.0;181;197;
148611385 ;116;1652.0;8457.0;2808.0;-3547.0;1482.0;1698.0;-62.0;-220.0;56.0;238;148;
148611398 ;117;435.0;8082.0;3046.0;-2732.0;3205.0;1531.0;-73.0;-219.0;49.0;218;248;
148611417 ;119;-3643.0;660.0;1845.0;-381.0;3835.0;429.0;-73.0;-223.0;35.0;90;92;
148611425 ;120;-3369.0;1716.0;2914.0;574.0;2251.0;400.0;-73.0;-223.0;35.0;47;119;
148611463 ;122;-1370.0;4683.0;3413.0;952.0;-278.0;-240.0;-84.0;-214.0;30.0;167;213;
148611472 ;123;-400.0;4499.0;1624.0;583.0;-1742.0;-772.0;-76.0;-222.0;34.0;119;57;
148611479 ;125;847.0;2498.0;-1532.0;205.0;-3960.0;-1092.0;-78.0;-216.0;38.0;188;96;
148611497 ;127;1980.0;3415.0;-615.0;326.0;-2387.0;-1039.0;-74.0;-220.0;44.0;64;120;
148611505 ;128;3595.0;3887.0;-832.0;666.0;-953.0;-1342.0;-74.0;-220.0;44.0;92;22;
148611525 ;130;3285.0;6395.0;362.0;1230.0;3622.0;-1172.0;-68.0;-222.0;54.0;138;36;
148611545 ;132;-279.0;5654.0;-1648.0;-1166.0;5474.0;-311.0;-64.0;-218.0;46.0;7;209;
148611556 ;133;-2831.0;3763.0;-2514.0;-1336.0;4202.0;-241.0;-66.0;-224.0;48.0;207;217;
148611576 ;135;-4207.0;1331.0;-3691.0;-1324.0;68.0;-514.0;-65.0;-225.0;43.0;3;99;
148611614 ;136;-2996.0;836.0;-4794.0;-589.0;-1970.0;-451.0;-65.0;-225.0;43.0;164;70;
148611616 ;137;-1629.0;1725.0;-4103.0;-39.0;-4003.0;-42.0;-73.0;-225.0;37.0;237;123;
148611620 ;138;-385.0;2711.0;-2090.0;-409.0;-6208.0;-61.0;-73.0;-225.0;37.0;102;146;
148611621 ;139;997.0;3461.0;302.0;-518.0;-8171.0;171.0;-67.0;-219.0;37.0;250;4;
148611628 ;33;29191.0;26621.0;-12063.0;-17150.0;9727.0;9727.0;-10496.0;2592.0;11149.0;18;152;
148611645 ;142;5198.0;7529.0;4737.0;-2395.0;-3727.0;946.0;-63.0;-221.0;47.0;246;182;
148611657 ;143;4650.0;5065.0;5485.0;-1675.0;-112.0;112.0;-61.0;-227.0;45.0;203;95;
148611665 ;144;1848.0;818.0;3622.0;-416.0;1080.0;-841.0;-61.0;-227.0;45.0;186;134;
148611678 ;145;551.0;1395.0;3046.0;623.0;1152.0;-896.0;-55.0;-229.0;45.0;205;111;
148611704 ;147;3505.0;4334.0;2915.0;1190.0;2378.0;-850.0;-58.0;-220.0;42.0;160;232;
148611705 ;148;5143.0;4146.0;2238.0;687.0;4360.0;-848.0;-58.0;-220.0;42.0;121;25;
148611716 ;149;6026.0;2766.0;511.0;496.0;6054.0;-847.0;-56.0;-228.0;44.0;161;237;
148611725 ;150;5281.0;2343.0;-518.0;729.0;7229.0;-536.0;-56.0;-228.0;44.0;195;55;
148611766 ;152;1668.0;3412.0;-3070.0;1118.0;7905.0;183.0;-52.0;-226.0;46.0;209;113;
148611767 ;153;-285.0;4080.0;-3394.0;995.0;7757.0;129.0;-59.0;-223.0;41.0;50;226;
148611777 ;155;-1985.0;4228.0;-3524.0;-213.0;6059.0;138.0;-68.0;-222.0;30.0;46;78;
148611785 ;155;-22884.0;-32516.0;8975.0;-6164.0;-2561.0;-22253.0;-17408.0;8959.0;7935.0;0;224;
148611796 ;157;-1611.0;4384.0;-4111.0;168.0;3930.0;90.0;-68.0;-228.0;28.0;227;207;
148611805 ;158;-2605.0;4610.0;-2478.0;-203.0;2936.0;-211.0;-68.0;-228.0;28.0;193;241;
148611818 ;159;-3064.0;5036.0;-290.0;-305.0;2027.0;-354.0;-72.0;-228.0;30.0;171;209;
148611825 ;160;-2694.0;6136.0;1651.0;-167.0;796.0;-164.0;-72.0;-228.0;30.0;131;63;
148611836 ;161;-1718.0;10644.0;4653.0;-236.0;-1221.0;442.0;-70.0;-226.0;20.0;248;154;
148611845 ;162;-111.0;8770.0;2604.0;-1348.0;-2386.0;865.0;-70.0;-226.0;20.0;158;108;
148611856 ;163;1853.0;7458.0;4356.0;-791.0;-1765.0;1059.0;-72.0;-228.0;22.0;109;251;
148611865 ;164;2682.0;4414.0;3754.0;-364.0;-549.0;1010.0;-72.0;-228.0;22.0;160;122;
148611915 ;166;546.0;1511.0;3000.0;474.0;1449.0;584.0;-72.0;-226.0;20.0;94;114;
148611916 ;167;-88.0;1919.0;2680.0;892.0;1580.0;608.0;-73.0;-227.0;19.0;120;94;
148611917 ;168;-134.0;2276.0;2730.0;1163.0;1470.0;612.0;-73.0;-227.0;19.0;136;160;
148611925 ;169;74.0;2314.0;2963.0;1267.0;1393.0;656.0;-80.0;-228.0;20.0;171;251;
