148496026 ;2;815.0;1656.0;444.0;559.0;-8131.0;-1189.0;91.0;-43.0;-85.0;22;178;
148496033 ;3;1606.0;2324.0;107.0;1118.0;-8515.0;-1546.0;29.0;-195.0;-47.0;22;216;
148496042 ;4;1692.0;3132.0;234.0;1608.0;-8468.0;-1815.0;29.0;-195.0;-47.0;36;242;
148496053 ;5;1884.0;3776.0;209.0;1964.0;-7047.0;-1912.0;10.0;-192.0;-58.0;207;161;
148496062 ;6;1796.0;4202.0;626.0;1871.0;-6179.0;-2248.0;10.0;-192.0;-58.0;128;20;
148496097 ;7;1400.0;4849.0;1593.0;1839.0;-4698.0;-2241.0;9.0;-195.0;-61.0;246;208;
148496099 ;8;1817.0;5243.0;3022.0;1214.0;-3445.0;-2030.0;9.0;-195.0;-61.0;10;72;
148496101 ;9;3399.0;5307.0;6274.0;212.0;-2547.0;-1071.0;7.0;-193.0;-61.0;154;162;
148496104 ;10;1539.0;3282.0;6398.0;-1317.0;99.0;-344.0;7.0;-193.0;-61.0;22;242;
148496113 ;11;2526.0;1732.0;2292.0;-1100.0;2087.0;663.0;6.0;-196.0;-52.0;101;203;
148496122 ;12;2405.0;2122.0;-1573.0;-727.0;2469.0;2176.0;6.0;-196.0;-52.0;50;44;
148496158 ;13;1743.0;2509.0;-2210.0;-557.0;1314.0;3117.0;6.0;-194.0;-56.0;113;91;
148496159 ;14;-1291.0;3657.0;-2450.0;-857.0;225.0;3381.0;6.0;-194.0;-56.0;178;134;
148496164 ;15;-5339.0;5151.0;-1623.0;-1310.0;-2160.0;3284.0;2.0;-194.0;-58.0;101;237;
148496166 ;16;-7224.0;4651.0;-3251.0;-2090.0;-4970.0;3002.0;2.0;-194.0;-58.0;122;134;
148496173 ;17;-7434.0;4620.0;-3705.0;-2203.0;-9669.0;3135.0;-15.0;-193.0;-65.0;81;137;
148496182 ;18;-5532.0;4529.0;-3305.0;-1874.0;-12869.0;2917.0;-15.0;-193.0;-65.0;224;50;
148496247 ;19;-2432.0;4842.0;-2545.0;-1776.0;-14809.0;2514.0;-29.0;-185.0;-67.0;105;123;
148496249 ;20;872.0;5308.0;-1512.0;-1734.0;-15038.0;1873.0;-29.0;-185.0;-67.0;1;235;
148496251 ;21;4391.0;5475.0;182.0;-1549.0;-12805.0;1062.0;-66.0;-184.0;-64.0;70;30;
148496254 ;22;7551.0;5082.0;2119.0;-1164.0;-9830.0;142.0;-66.0;-184.0;-64.0;75;83;
148496257 ;23;9433.0;5114.0;3474.0;-856.0;-5453.0;-629.0;-94.0;-178.0;-48.0;112;14;
148496262 ;24;8652.0;5204.0;4093.0;-820.0;-18.0;-1387.0;-94.0;-178.0;-48.0;164;224;
148496263 ;25;4958.0;4786.0;3458.0;-558.0;4286.0;-2474.0;-96.0;-180.0;-46.0;171;177;
148496269 ;26;1642.0;4656.0;2686.0;-101.0;6735.0;-2992.0;-96.0;-180.0;-46.0;128;94;
148496273 ;27;638.0;4562.0;1804.0;458.0;8275.0;-3012.0;-89.0;-179.0;-47.0;235;49;
148496306 ;28;1558.0;4910.0;1197.0;861.0;9626.0;-3251.0;-89.0;-179.0;-47.0;117;41;
148496308 ;29;1962.0;5309.0;559.0;1265.0;11265.0;-3564.0;-72.0;-186.0;-54.0;231;235;
148496309 ;30;2534.0;5236.0;-613.0;1682.0;12945.0;-3704.0;-72.0;-186.0;-54.0;240;88;
148496313 ;31;2755.0;4639.0;-1567.0;1820.0;13686.0;-3465.0;-49.0;-193.0;-65.0;34;132;
148496322 ;32;2372.0;3914.0;-1659.0;1618.0;13126.0;-3062.0;-49.0;-193.0;-65.0;7;17;
148496355 ;33;1586.0;3318.0;-852.0;1208.0;11531.0;-2517.0;-7.0;-199.0;-59.0;54;40;
148496357 ;34;1157.0;2591.0;1055.0;265.0;8961.0;-1863.0;-7.0;-199.0;-59.0;244;22;
148496362 ;35;907.0;897.0;1304.0;-868.0;6631.0;-890.0;20.0;-198.0;-48.0;178;4;
148496363 ;36;127.0;-241.0;88.0;-1700.0;4902.0;16.0;20.0;-198.0;-48.0;237;167;
148496398 ;37;-93.0;308.0;337.0;-2401.0;3766.0;572.0;32.0;-190.0;-44.0;67;111;
148496504 ;38;1025.0;1450.0;-537.0;-2140.0;3713.0;255.0;32.0;-190.0;-44.0;127;41;
148496506 ;40;105.0;3324.0;-2104.0;-2273.0;4637.0;523.0;31.0;-193.0;-43.0;116;191;
148496548 ;42;-1693.0;3261.0;-3204.0;-3499.0;3421.0;1320.0;42.0;-188.0;-42.0;8;198;
148496550 ;43;-2240.0;3293.0;-3250.0;-3460.0;2497.0;1446.0;43.0;-185.0;-43.0;84;134;
148496553 ;45;-3355.0;3396.0;-6469.0;-2041.0;323.0;1420.0;47.0;-187.0;-53.0;123;145;
148496554 ;47;-5764.0;2761.0;-7515.0;-186.0;-1819.0;796.0;48.0;-180.0;-54.0;228;25;
148496558 ;49;-5179.0;5403.0;1436.0;-291.0;-3228.0;406.0;38.0;-182.0;-54.0;221;39;
148496558 ;50;-862.0;8383.0;4328.0;-1149.0;-4801.0;1182.0;38.0;-182.0;-54.0;85;183;
148496559 ;51;1872.0;10491.0;3620.0;-1291.0;-5502.0;1591.0;32.0;-178.0;-58.0;211;73;
148496561 ;52;2390.0;8097.0;5577.0;-967.0;-6424.0;453.0;32.0;-178.0;-58.0;86;132;
148496568 ;53;1392.0;2888.0;3699.0;57.0;-6417.0;-649.0;18.0;-180.0;-68.0;66;12;
148496569 ;54;171.0;1320.0;3011.0;884.0;-6379.0;-904.0;18.0;-180.0;-68.0;5;177;
148496569 ;55;808.0;3060.0;2489.0;1509.0;-5905.0;-1351.0;6.0;-180.0;-74.0;199;33;
148496571 ;56;1752.0;4412.0;2271.0;2027.0;-5026.0;-1779.0;6.0;-180.0;-74.0;188;96;
148496574 ;57;1976.0;5007.0;2275.0;2359.0;-3468.0;-2242.0;-1.0;-185.0;-77.0;128;94;
148496583 ;58;1864.0;5522.0;2057.0;2710.0;-1456.0;-2698.0;-1.0;-185.0;-77.0;182;152;
148496593 ;59;1560.0;6101.0;1670.0;3100.0;666.0;-3109.0;-2.0;-184.0;-70.0;138;30;
148496602 ;60;1180.0;6811.0;978.0;3358.0;2429.0;-3402.0;-2.0;-184.0;-70.0;230;14;
148496632 ;61;862.0;7062.0;532.0;3471.0;3793.0;-3441.0;6.0;-188.0;-66.0;145;13;
148496635 ;62;673.0;6863.0;-169.0;3610.0;4804.0;-3252.0;6.0;-188.0;-66.0;141;75;
148496638 ;63;474.0;6050.0;172.0;3434.0;5149.0;-2855.0;19.0;-197.0;-49.0;57;115;
148496643 ;64;185.0;5056.0;2473.0;2365.0;4825.0;-2307.0;19.0;-197.0;-49.0;231;179;
148496700 ;65;284.0;3118.0;3693.0;964.0;3958.0;-1656.0;28.0;-198.0;-42.0;52;8;
148496702 ;66;396.0;814.0;4363.0;-270.0;3239.0;-939.0;28.0;-198.0;-42.0;100;44;
148496708 ;67;337.0;-696.0;3333.0;-859.0;3036.0;-580.0;47.0;-193.0;-29.0;166;184;
148496709 ;68;559.0;-892.0;1252.0;-961.0;3561.0;-47.0;47.0;-193.0;-29.0;87;33;
148496711 ;69;420.0;1335.0;-138.0;-562.0;4263.0;334.0;52.0;-194.0;-30.0;232;82;
148496714 ;70;-624.0;2343.0;-414.0;-975.0;3556.0;375.0;52.0;-194.0;-30.0;117;9;
148496716 ;71;-1508.0;2226.0;204.0;-2519.0;2442.0;624.0;55.0;-197.0;-23.0;138;54;
148496724 ;72;-582.0;1021.0;-659.0;-3352.0;1437.0;1014.0;55.0;-197.0;-23.0;97;217;
148496733 ;73;-224.0;1022.0;-888.0;-3448.0;768.0;1337.0;54.0;-196.0;-24.0;42;146;
148496742 ;74;79.0;1588.0;-1802.0;-3235.0;53.0;1539.0;54.0;-196.0;-24.0;209;111;
148496772 ;75;180.0;1860.0;-2786.0;-2789.0;-538.0;1805.0;52.0;-190.0;-38.0;220;46;
148496774 ;76;-668.0;2093.0;-3752.0;-2242.0;-1010.0;2111.0;52.0;-190.0;-38.0;41;211;
148496777 ;77;-2160.0;2539.0;-4857.0;-1537.0;-1290.0;2217.0;45.0;-193.0;-47.0;186;96;
148496782 ;78;-4178.0;3226.0;-5641.0;-852.0;-1591.0;1767.0;45.0;-193.0;-47.0;45;239;
148496811 ;79;-5831.0;3625.0;-5386.0;-343.0;-2433.0;1020.0;38.0;-192.0;-50.0;255;7;
148496866 ;86;2489.0;3997.0;230.0;-790.0;-12324.0;340.0;-1.0;-189.0;-65.0;184;20;
148496873 ;87;3505.0;2858.0;253.0;-132.0;-11111.0;-235.0;-29.0;-185.0;-75.0;73;215;
148496882 ;88;3611.0;3758.0;1112.0;375.0;-9178.0;-989.0;-29.0;-185.0;-75.0;56;38;
148496911 ;89;2855.0;4692.0;1727.0;692.0;-7107.0;-1757.0;-48.0;-190.0;-62.0;164;186;
148496922 ;92;376.0;4893.0;3379.0;1054.0;-2248.0;-3620.0;-60.0;-186.0;-62.0;86;120;
148496952 ;94;-909.0;7351.0;3353.0;985.0;-262.0;-4638.0;-59.0;-191.0;-57.0;93;41;
148496953 ;95;-1775.0;8487.0;2781.0;777.0;425.0;-5038.0;-54.0;-198.0;-54.0;129;149;
148497003 ;99;-4260.0;9692.0;1176.0;-723.0;1264.0;-5691.0;-20.0;-204.0;-52.0;42;124;
148497006 ;100;-4504.0;8669.0;454.0;-1402.0;692.0;-5631.0;-20.0;-204.0;-52.0;179;57;
148497022 ;102;-5305.0;6937.0;-786.0;-2317.0;-1842.0;-5590.0;-4.0;-202.0;-58.0;152;240;
148497049 ;103;-5419.0;6606.0;-1252.0;-2656.0;-3610.0;-5598.0;14.0;-196.0;-58.0;212;60;
148497052 ;198;8191.0;2592.0;-23703.0;25590.0;16152.0;3320.0;-16909.0;-8214.0;5869.0;0;60;
148497062 ;106;-354.0;5821.0;-2180.0;17448.0;-5948.0;-4164.0;22.0;-22.0;-66.0;252;81;
148497091 ;108;3475.0;2840.0;-3345.0;-4287.0;-5036.0;-2867.0;22.0;-180.0;-78.0;125;17;
148497094 ;109;6000.0;659.0;-4344.0;-3977.0;-3685.0;-1658.0;20.0;-164.0;-88.0;50;36;
148497152 ;111;8796.0;-4410.0;-7457.0;-2791.0;-1452.0;198.0;13.0;-155.0;-99.0;187;95;
148497154 ;112;7351.0;-6487.0;-5766.0;-1627.0;-465.0;765.0;13.0;-155.0;-99.0;54;170;
148497156 ;113;5912.0;-7576.0;-4157.0;-235.0;559.0;574.0;2.0;-146.0;-104.0;81;253;
148497165 ;249;-400.0;1151.0;782.0;2.0;-146.0;-104.0;8446.0;29450.0;1044.0;156;143;
148497168 ;9;1470.0;689.0;-606.0;1408.0;8.0;-142.0;-102.0;8218.0;29962.0;108;160;
148497182 ;118;-1054.0;-3772.0;4170.0;2018.0;-2293.0;1820.0;9.0;-145.0;-99.0;45;83;
148497212 ;120;-130.0;-447.0;3230.0;2656.0;-1990.0;2290.0;1.0;-149.0;-99.0;165;91;
148497214 ;121;-190.0;669.0;2741.0;3129.0;-1219.0;1870.0;-11.0;-163.0;-107.0;248;182;
148497222 ;122;-926.0;1717.0;3348.0;3693.0;-290.0;1607.0;-11.0;-163.0;-107.0;102;164;
148497262 ;125;-5028.0;7209.0;8901.0;3068.0;-2032.0;1514.0;-15.0;-169.0;-85.0;9;55;
148497302 ;126;-8173.0;12133.0;8062.0;1507.0;-5347.0;1454.0;-15.0;-169.0;-85.0;95;197;
148497312 ;130;-5070.0;14383.0;971.0;807.0;-5366.0;-784.0;-42.0;-180.0;-78.0;219;183;
148497313 ;131;1319.0;11579.0;2459.0;852.0;-3078.0;-1162.0;-59.0;-195.0;-65.0;88;100;
148497348 ;134;37.0;2809.0;3673.0;-2345.0;2590.0;-2367.0;-60.0;-192.0;-58.0;178;146;
148497356 ;135;-600.0;3249.0;2747.0;-1996.0;3142.0;-2532.0;-57.0;-189.0;-69.0;42;88;
148497362 ;136;-573.0;3696.0;1059.0;-2044.0;2466.0;-2603.0;-57.0;-189.0;-69.0;74;114;
148497386 ;137;618.0;2172.0;-486.0;-2051.0;1350.0;-2116.0;-47.0;-183.0;-77.0;119;141;
148497388 ;138;2524.0;143.0;-944.0;-1781.0;452.0;-1558.0;-47.0;-183.0;-77.0;234;166;
148497393 ;139;4348.0;-1542.0;-1731.0;-1316.0;641.0;-829.0;-33.0;-185.0;-81.0;212;216;
148497417 ;141;5747.0;-4992.0;-4376.0;-208.0;2284.0;293.0;-31.0;-183.0;-77.0;165;67;
148497453 ;142;4399.0;-5799.0;-5377.0;767.0;2945.0;815.0;-31.0;-183.0;-77.0;188;128;
148497454 ;143;1719.0;-5621.0;-4334.0;1593.0;3116.0;854.0;-28.0;-174.0;-86.0;25;161;
148497454 ;10;-13936.0;-11011.0;4079.0;25590.0;7945.0;-7931.0;-7162.0;21247.0;-21761.0;255;205;
148497463 ;146;482.0;2693.0;494.0;954.0;-5714.0;4578.0;-22.0;-180.0;-82.0;69;193;
148497485 ;147;2376.0;3249.0;4732.0;1707.0;-6750.0;4885.0;-31.0;-185.0;-75.0;147;43;
148497487 ;148;3615.0;-458.0;5453.0;3317.0;-4083.0;4781.0;-31.0;-185.0;-75.0;24;104;
148497494 ;149;1790.0;-1022.0;6175.0;3831.0;-957.0;4595.0;-54.0;-184.0;-66.0;13;217;
148497522 ;151;-2506.0;4487.0;4154.0;4583.0;1748.0;4043.0;-72.0;-196.0;-64.0;44;154;
148497524 ;152;-2665.0;6352.0;4458.0;5016.0;2812.0;3577.0;-72.0;-196.0;-64.0;25;81;
148497533 ;153;-2443.0;7441.0;6476.0;5267.0;3487.0;3463.0;-76.0;-186.0;-50.0;109;53;
148497554 ;154;-960.0;8498.0;7132.0;4690.0;3347.0;3419.0;-76.0;-186.0;-50.0;251;19;
148497606 ;157;2463.0;14445.0;683.0;3690.0;-900.0;4629.0;-83.0;-191.0;-29.0;166;206;
148497611 ;159;-6941.0;13778.0;974.0;-54.0;-4322.0;1706.0;-103.0;-185.0;-21.0;182;58;
148497612 ;160;-6027.0;9285.0;-1016.0;-437.0;-3279.0;786.0;-103.0;-185.0;-21.0;222;46;
148497618 ;187;18963.0;28408.0;23554.0;26612.0;-25859.0;19711.0;-4353.0;-5377.0;2592.0;162;203;
148497643 ;164;-2693.0;2363.0;-1492.0;-1812.0;-2911.0;-1975.0;-110.0;-182.0;-10.0;49;197;
148497662 ;165;-2169.0;4401.0;-721.0;-1595.0;-3024.0;-2877.0;-108.0;-190.0;-12.0;27;31;
148497664 ;166;-1101.0;6077.0;-2124.0;-1912.0;-3218.0;-3521.0;-108.0;-190.0;-12.0;214;208;
148497673 ;167;791.0;6361.0;-2999.0;-2030.0;-4156.0;-3782.0;-108.0;-192.0;-14.0;196;54;
148497692 ;168;3075.0;5694.0;-3331.0;-2299.0;-5091.0;-3529.0;-108.0;-192.0;-14.0;21;181;
148497703 ;170;6974.0;3709.0;-2660.0;-2262.0;-3497.0;-2312.0;-96.0;-192.0;-8.0;118;46;
148497713 ;171;8254.0;1982.0;-1411.0;-1934.0;-1431.0;-1893.0;-90.0;-198.0;-6.0;166;66;
148497722 ;172;8522.0;365.0;-530.0;-1365.0;1264.0;-1494.0;-90.0;-198.0;-6.0;46;126;
148497754 ;173;7390.0;-500.0;507.0;-1357.0;2682.0;-988.0;-90.0;-202.0;-10.0;247;53;
148497758 ;175;-1370.0;-2349.0;-378.0;-723.0;3455.0;-482.0;-87.0;-201.0;-17.0;100;72;
148497786 ;177;-4445.0;5228.0;421.0;-664.0;-1145.0;2043.0;-76.0;-204.0;-26.0;70;134;
148497787 ;178;-1930.0;-482.0;1156.0;663.0;-1657.0;2902.0;-76.0;-204.0;-26.0;51;89;
148497802 ;180;998.0;-884.0;3010.0;2027.0;121.0;3598.0;-86.0;-204.0;-22.0;104;220;
148497827 ;182;-2055.0;4145.0;2880.0;2783.0;764.0;3284.0;-93.0;-191.0;-23.0;237;255;
148497833 ;183;-2425.0;5688.0;4512.0;2943.0;613.0;2763.0;-101.0;-191.0;-9.0;243;115;
148497849 ;184;-1840.0;6211.0;6545.0;2840.0;1034.0;2442.0;-101.0;-191.0;-9.0;67;37;
148497853 ;185;-8.0;7149.0;5460.0;2306.0;947.0;2166.0;-109.0;-189.0;-9.0;84;62;
148497906 ;187;2109.0;9844.0;-58.0;2241.0;-261.0;2534.0;-114.0;-186.0;2.0;14;38;
148497908 ;188;2161.0;9447.0;-1949.0;1301.0;-992.0;1551.0;-114.0;-186.0;2.0;228;184;
148497914 ;189;-61.0;9683.0;-1212.0;281.0;-1512.0;180.0;-118.0;-178.0;0.0;150;104;
148497916 ;190;-1330.0;8558.0;-1373.0;-583.0;-641.0;-622.0;-118.0;-178.0;0.0;115;219;
148497917 ;191;-1849.0;6871.0;-1458.0;-665.0;-765.0;-1432.0;-122.0;-180.0;6.0;125;233;
148497923 ;222;-14596.0;19987.0;1275.0;-20481.0;-17414.0;-30986.0;19711.0;1791.0;6400.0;32;94;
148497943 ;194;3093.0;4884.0;464.0;-1154.0;1856.0;-3004.0;-114.0;-184.0;2.0;211;145;
148497958 ;195;1994.0;5194.0;43.0;-1285.0;2772.0;-3544.0;-110.0;-188.0;12.0;20;142;
148497968 ;196;911.0;5751.0;113.0;-1698.0;3263.0;-3873.0;-110.0;-188.0;12.0;79;147;
148497968 ;197;642.0;5866.0;-535.0;-1916.0;3190.0;-4086.0;-104.0;-192.0;-4.0;34;160;
148497987 ;10;-3898.0;8963.0;-20969.0;-2564.0;1528.0;-1013.0;-26385.0;16639.0;-769.0;255;71;
148497993 ;199;1053.0;5991.0;-1275.0;-1862.0;2231.0;-3980.0;-90.0;-196.0;-16.0;52;150;
148498017 ;201;261.0;4803.0;-1713.0;-2157.0;1471.0;-3553.0;-80.0;-204.0;-18.0;68;38;
148498023 ;202;-488.0;4124.0;-1159.0;-2293.0;1152.0;-3499.0;-80.0;-204.0;-18.0;70;194;
148498057 ;203;-473.0;3682.0;282.0;-2315.0;650.0;-3192.0;-65.0;-209.0;-27.0;103;53;
148498058 ;204;-641.0;3489.0;1247.0;-2447.0;-213.0;-2728.0;-65.0;-209.0;-27.0;177;103;
148498059 ;205;-520.0;3090.0;2281.0;-2574.0;-817.0;-1822.0;-57.0;-209.0;-35.0;87;249;
148498076 ;207;4188.0;1978.0;-298.0;-3420.0;-2817.0;386.0;-53.0;-205.0;-37.0;220;62;
148498082 ;208;4883.0;-208.0;-518.0;-3181.0;-2591.0;1279.0;-53.0;-205.0;-37.0;123;97;
148498094 ;209;6152.0;-2061.0;-1363.0;-1857.0;-1044.0;1883.0;-56.0;-202.0;-46.0;121;103;
148498106 ;210;4811.0;-2167.0;-620.0;-1033.0;781.0;2120.0;-56.0;-202.0;-46.0;9;167;
148498113 ;211;2694.0;-1527.0;-1141.0;261.0;3118.0;2042.0;-64.0;-202.0;-54.0;20;238;
148498124 ;212;-255.0;-1142.0;-1406.0;1281.0;3776.0;2470.0;-64.0;-202.0;-54.0;63;175;
148498133 ;213;-1262.0;-519.0;-673.0;1993.0;3007.0;3036.0;-64.0;-192.0;-54.0;166;168;
148498142 ;214;-556.0;462.0;-112.0;2717.0;1962.0;3485.0;-64.0;-192.0;-54.0;248;106;
148498155 ;215;-730.0;1688.0;1183.0;3243.0;1080.0;3387.0;-69.0;-191.0;-51.0;102;70;
148498162 ;255;-191.0;-51.0;8349.0;-9974.0;-1760.0;3822.0;3902.0;3811.0;-693.0;66;72;
148498209 ;218;-1508.0;4903.0;4472.0;3773.0;-1591.0;2618.0;-76.0;-192.0;-38.0;121;41;
148498211 ;219;-679.0;5812.0;4357.0;3467.0;-2653.0;2435.0;-77.0;-191.0;-39.0;193;109;
148498216 ;220;497.0;6928.0;2494.0;3317.0;-4060.0;2711.0;-77.0;-191.0;-39.0;106;222;
148498217 ;221;1176.0;8851.0;638.0;3464.0;-4507.0;3338.0;-90.0;-192.0;-22.0;164;92;
148498222 ;222;976.0;9209.0;-111.0;2889.0;-4144.0;-90.0;-90.0;-192.0;-22.0;24;68;
148498246 ;224;-239.0;11115.0;2025.0;1755.0;-3545.0;1672.0;-97.0;-191.0;-13.0;248;222;
148498253 ;225;-1485.0;9963.0;1726.0;923.0;-2135.0;826.0;-108.0;-192.0;6.0;96;90;
148498264 ;226;-549.0;7762.0;1518.0;727.0;-815.0;315.0;-108.0;-192.0;6.0;1;89;
148498272 ;227;372.0;7338.0;1523.0;-391.0;823.0;483.0;-108.0;-190.0;14.0;183;117;
148498294 ;229;-1481.0;5445.0;206.0;-1890.0;1598.0;-943.0;-110.0;-186.0;14.0;115;181;
148498322 ;10;-20504.0;11516.0;24342.0;21505.0;-17674.0;10242.0;-27658.0;18431.0;1023.0;0;232;
148498358 ;233;212.0;6119.0;415.0;-2621.0;339.0;-2563.0;-103.0;-193.0;-5.0;83;183;
148498361 ;235;3087.0;4458.0;-264.0;-2587.0;674.0;-2342.0;-101.0;-195.0;-9.0;187;141;
148498364 ;236;3875.0;3326.0;-351.0;-2182.0;1961.0;-2161.0;-101.0;-195.0;-9.0;100;178;
148498386 ;238;5153.0;928.0;-662.0;-1784.0;5982.0;-1552.0;-94.0;-198.0;-16.0;127;227;
148498404 ;240;1143.0;-2051.0;-3071.0;-1562.0;6738.0;-1312.0;-81.0;-201.0;-27.0;107;153;
148498413 ;241;-2213.0;-3772.0;-3262.0;-718.0;6364.0;-770.0;-73.0;-201.0;-39.0;184;220;
148498442 ;244;-839.0;4744.0;1579.0;-1518.0;-2050.0;3770.0;-60.0;-204.0;-48.0;44;166;
148498509 ;248;-2784.0;1967.0;891.0;1082.0;4780.0;3196.0;-76.0;-194.0;-44.0;178;134;
148498516 ;76;-10479.0;30734.0;-24054.0;11281.0;-19703.0;19455.0;-13825.0;-257.0;2592.0;252;37;
148498544 ;251;6181.0;-9726.0;1028.0;-32525.0;-19962.0;17151.0;-13569.0;-20225.0;2592.0;255;247;
148498582 ;2;-4518.0;9541.0;-1682.0;-431.0;-7868.0;-1303.0;-92.0;-188.0;-46.0;83;191;
148498596 ;3;-3560.0;9078.0;-1157.0;-781.0;-7202.0;-2447.0;-93.0;-185.0;-25.0;43;95;
148498613 ;5;1193.0;7899.0;86.0;-1411.0;-4615.0;-3606.0;-98.0;-190.0;-16.0;48;74;
148498622 ;6;2102.0;7941.0;40.0;-2612.0;-3088.0;-3575.0;-98.0;-190.0;-16.0;38;50;
148498660 ;7;2151.0;7638.0;304.0;-3030.0;-2001.0;-3929.0;-90.0;-196.0;-16.0;111;115;
148498668 ;8;2170.0;7220.0;152.0;-3497.0;-976.0;-4061.0;-90.0;-196.0;-16.0;243;207;
148498671 ;10;3129.0;5931.0;-658.0;-3618.0;-48.0;-3833.0;-83.0;-205.0;-21.0;132;198;
148498674 ;11;3502.0;4804.0;-750.0;-3457.0;225.0;-3640.0;-79.0;-203.0;-29.0;166;118;
148498683 ;12;4365.0;3465.0;-636.0;-3383.0;695.0;-3194.0;-79.0;-203.0;-29.0;30;164;
148498693 ;13;5948.0;1742.0;-944.0;-3028.0;1578.0;-2390.0;-67.0;-205.0;-37.0;98;106;
148498703 ;14;8557.0;-37.0;-1421.0;-2741.0;3108.0;-1355.0;-67.0;-205.0;-37.0;244;182;
148498713 ;15;10630.0;-2088.0;-821.0;-2711.0;4196.0;-300.0;-60.0;-206.0;-44.0;233;141;
148498722 ;16;8201.0;-4459.0;-1618.0;-2989.0;4911.0;430.0;-60.0;-206.0;-44.0;140;214;
148498736 ;17;3419.0;-6324.0;-3990.0;-2122.0;5484.0;681.0;-44.0;-204.0;-58.0;212;22;
148498742 ;18;-964.0;-5512.0;-4339.0;-438.0;5765.0;1000.0;-44.0;-204.0;-58.0;107;157;
148498753 ;19;-2143.0;5057.0;6488.0;-535.0;4593.0;1860.0;-43.0;-193.0;-67.0;27;227;
148498773 ;21;359.0;556.0;3851.0;-795.0;508.0;4931.0;-41.0;-187.0;-65.0;251;21;
148498811 ;22;1082.0;-1234.0;3054.0;-31.0;2964.0;4952.0;-41.0;-187.0;-65.0;98;42;
148498813 ;24;-3354.0;3545.0;972.0;1411.0;4190.0;4028.0;-51.0;-191.0;-67.0;88;136;
148498842 ;28;-784.0;8660.0;3449.0;2015.0;-3855.0;2933.0;-57.0;-183.0;-67.0;190;208;
148498882 ;17;3877.0;-12802.0;-16127.0;-2843.0;-22015.0;18175.0;-12545.0;-16385.0;2592.0;33;129;
148498913 ;35;949.0;4653.0;463.0;-454.0;-2424.0;-1293.0;-105.0;-189.0;-25.0;117;49;
148498961 ;37;209.0;4052.0;157.0;-1572.0;197.0;-1733.0;-105.0;-193.0;-27.0;38;8;
148498964 ;39;-731.0;4114.0;-88.0;-2046.0;425.0;-2137.0;-97.0;-191.0;-29.0;62;64;
148498998 ;43;2005.0;3174.0;-819.0;-1787.0;-237.0;-2245.0;-90.0;-192.0;-38.0;107;151;
148499001 ;44;2347.0;2615.0;-846.0;-1614.0;59.0;-1911.0;-90.0;-192.0;-38.0;157;149;
148499042 ;48;2123.0;693.0;-853.0;-868.0;1423.0;-518.0;-80.0;-192.0;-48.0;235;139;
148499064 ;49;324.0;31.0;-109.0;-702.0;1634.0;13.0;-74.0;-194.0;-48.0;198;92;
148499112 ;52;-1306.0;3836.0;605.0;-209.0;-246.0;2165.0;-72.0;-194.0;-50.0;28;64;
148499113 ;53;-1539.0;2914.0;1388.0;415.0;-211.0;2271.0;-75.0;-189.0;-57.0;162;78;
148499114 ;54;-2045.0;-117.0;2503.0;1746.0;202.0;2441.0;-75.0;-189.0;-57.0;165;13;
148499126 ;56;-2100.0;2027.0;3328.0;2549.0;-391.0;2589.0;-81.0;-189.0;-51.0;124;122;
148499133 ;57;-2253.0;3289.0;3860.0;2794.0;-1077.0;2244.0;-89.0;-187.0;-49.0;211;215;
148499157 ;59;-1251.0;4712.0;5377.0;2860.0;-2409.0;1419.0;-91.0;-183.0;-41.0;35;149;
148499162 ;60;-190.0;5823.0;4597.0;2499.0;-3186.0;1170.0;-91.0;-183.0;-41.0;39;3;
148499183 ;160;17151.0;-6913.0;12031.0;2592.0;-29889.0;-4096.0;-29151.0;-23808.0;-28412.0;239;193;
148499202 ;64;-132.0;9361.0;768.0;644.0;-4467.0;-267.0;-100.0;-186.0;-24.0;88;124;
148499229 ;66;-298.0;7749.0;659.0;-209.0;-1945.0;-1561.0;-108.0;-186.0;-16.0;108;6;
148499263 ;67;3107.0;6771.0;2077.0;-389.0;500.0;-1697.0;-110.0;-186.0;-6.0;227;61;
148499266 ;69;1359.0;5412.0;1053.0;-2344.0;3285.0;-2368.0;-106.0;-190.0;-6.0;81;29;
148499273 ;71;-299.0;4962.0;933.0;-2779.0;3017.0;-3147.0;-97.0;-193.0;-13.0;197;105;
148499297 ;73;436.0;5348.0;-289.0;-2655.0;1830.0;-3443.0;-85.0;-201.0;-27.0;3;139;
148499302 ;74;982.0;4970.0;-895.0;-2402.0;1295.0;-3212.0;-85.0;-201.0;-27.0;26;210;
148499421 ;84;2316.0;326.0;1721.0;-1286.0;-1291.0;2100.0;-47.0;-189.0;-59.0;142;24;
148499423 ;86;1474.0;-1143.0;3124.0;123.0;906.0;2432.0;-46.0;-192.0;-64.0;107;39;
148499437 ;87;319.0;103.0;3296.0;568.0;1856.0;2801.0;-55.0;-191.0;-63.0;88;248;
148499453 ;89;-968.0;2765.0;3443.0;1512.0;3146.0;3132.0;-58.0;-188.0;-64.0;96;40;
148499493 ;93;563.0;6345.0;2502.0;1751.0;5623.0;2818.0;-57.0;-189.0;-65.0;40;166;
148499506 ;94;1423.0;7550.0;407.0;1939.0;4588.0;3244.0;-57.0;-189.0;-65.0;100;6;
148499513 ;95;962.0;9849.0;168.0;1721.0;2571.0;3034.0;-62.0;-190.0;-62.0;17;145;
148499524 ;96;-1181.0;11813.0;1143.0;677.0;168.0;2327.0;-62.0;-190.0;-62.0;232;6;
148499566 ;98;-5261.0;8540.0;3.0;-1339.0;-3182.0;1121.0;-56.0;-186.0;-60.0;226;32;
148499571 ;99;-5073.0;6133.0;-571.0;-1196.0;-4320.0;349.0;-63.0;-191.0;-61.0;244;208;
148499578 ;101;-2590.0;4014.0;-604.0;-1066.0;-5322.0;-1622.0;-74.0;-184.0;-60.0;24;198;
148499582 ;102;-816.0;4022.0;-487.0;-1019.0;-4707.0;-2408.0;-74.0;-184.0;-60.0;16;28;
148499602 ;102;1293.0;5242.0;153.0;-1641.0;-2664.0;-3037.0;-80.0;-182.0;-50.0;196;172;
148499613 ;105;1888.0;5522.0;269.0;-1949.0;-1695.0;-3238.0;-81.0;-191.0;-53.0;105;223;
148499646 ;108;2653.0;3985.0;-891.0;-1755.0;742.0;-2968.0;-73.0;-189.0;-59.0;60;156;
148499653 ;10;-23955.0;4107.0;16908.0;4859.0;-7686.0;20484.0;-15882.0;15359.0;-15873.0;255;209;
148499664 ;110;3978.0;1659.0;-1583.0;-1323.0;1747.0;-1713.0;-63.0;-197.0;-63.0;38;28;
148499673 ;111;4278.0;176.0;-1837.0;-1071.0;2027.0;-852.0;-60.0;-190.0;-66.0;1;41;
148499714 ;113;1122.0;-1686.0;103.0;-572.0;2212.0;145.0;-52.0;-186.0;-68.0;148;4;
148499716 ;114;-945.0;-1141.0;1068.0;-19.0;2180.0;690.0;-52.0;-186.0;-68.0;148;84;
148499734 ;117;-2846.0;4893.0;3636.0;-581.0;255.0;2644.0;-44.0;-182.0;-72.0;207;67;
148499742 ;118;-2307.0;352.0;3089.0;442.0;1269.0;2596.0;-44.0;-182.0;-72.0;198;150;
148499753 ;119;-2164.0;617.0;3297.0;1140.0;2192.0;2288.0;-54.0;-176.0;-76.0;79;97;
148499793 ;123;766.0;5022.0;2524.0;2259.0;794.0;1570.0;-49.0;-179.0;-75.0;41;219;
148499866 ;167;28411.0;-17894.0;26373.0;-13567.0;-22541.0;-16639.0;17919.0;-14849.0;9983.0;32;137;
148499874 ;129;-3749.0;6346.0;494.0;-113.0;-3041.0;-907.0;-65.0;-193.0;-57.0;156;150;
148499876 ;130;-3520.0;6707.0;269.0;-238.0;-2921.0;-1614.0;-65.0;-193.0;-57.0;66;66;
148499877 ;25;331.0;-40.0;-2963.0;-2127.0;-66.0;-190.0;-50.0;8434.0;-31734.0;84;79;
148499902 ;134;261.0;6201.0;628.0;-1516.0;-484.0;-2444.0;-67.0;-189.0;-51.0;217;189;
148499913 ;135;318.0;5400.0;600.0;-1772.0;-158.0;-2431.0;-62.0;-192.0;-54.0;37;117;
148499933 ;137;879.0;4310.0;47.0;-1536.0;282.0;-2034.0;-56.0;-194.0;-56.0;32;240;
148499944 ;138;945.0;3568.0;-354.0;-1265.0;288.0;-1748.0;-56.0;-194.0;-56.0;28;78;
148499953 ;139;984.0;2463.0;-557.0;-1139.0;578.0;-1367.0;-58.0;-190.0;-60.0;64;24;
148499982 ;142;1774.0;-132.0;379.0;-612.0;1756.0;213.0;-49.0;-191.0;-65.0;191;21;
148500017 ;143;743.0;-1438.0;401.0;-616.0;1743.0;808.0;-47.0;-193.0;-65.0;241;97;
148500018 ;253;-3115.0;380.0;-191.0;1611.0;1073.0;-47.0;-193.0;-65.0;8214.0;10;98;
148500024 ;146;-1113.0;1245.0;2209.0;-603.0;-483.0;2784.0;-45.0;-191.0;-63.0;97;105;
148500033 ;147;-875.0;2269.0;3545.0;-122.0;-1226.0;3034.0;-47.0;-185.0;-71.0;130;100;
148500054 ;149;755.0;-748.0;3740.0;1217.0;-138.0;3416.0;-60.0;-186.0;-70.0;207;235;
148500067 ;150;-380.0;794.0;3358.0;1664.0;1173.0;3097.0;-60.0;-186.0;-70.0;143;9;
148500074 ;151;-1828.0;2023.0;3097.0;2348.0;1916.0;2825.0;-63.0;-181.0;-69.0;56;254;
148500092 ;153;-2234.0;3977.0;3930.0;3047.0;1636.0;2245.0;-67.0;-187.0;-61.0;236;86;
148500102 ;154;-1844.0;4832.0;4562.0;3004.0;1215.0;2084.0;-67.0;-187.0;-61.0;213;81;
148500114 ;155;-1475.0;5975.0;4962.0;2694.0;356.0;2009.0;-73.0;-183.0;-55.0;122;184;
148500122 ;156;-1180.0;7843.0;4122.0;2228.0;-1089.0;1940.0;-73.0;-183.0;-55.0;231;61;
148500136 ;157;-1232.0;10298.0;3170.0;1867.0;-2625.0;2095.0;-73.0;-189.0;-53.0;193;225;
148500173 ;160;-3027.0;9517.0;391.0;163.0;-2905.0;-608.0;-84.0;-192.0;-46.0;91;177;
148500174 ;161;-2552.0;8995.0;-58.0;-382.0;-2052.0;-1383.0;-89.0;-189.0;-41.0;152;148;
148500182 ;162;-1144.0;7730.0;-135.0;-275.0;-1833.0;-2108.0;-89.0;-189.0;-41.0;74;146;
148500206 ;164;1462.0;5876.0;370.0;-1856.0;835.0;-2470.0;-84.0;-190.0;-38.0;25;179;
148500213 ;165;739.0;4662.0;255.0;-2024.0;1525.0;-2795.0;-90.0;-192.0;-40.0;202;132;
148500224 ;166;153.0;4232.0;154.0;-1986.0;1752.0;-3049.0;-90.0;-192.0;-40.0;117;45;
148500242 ;168;1345.0;3797.0;-844.0;-1795.0;1041.0;-2872.0;-81.0;-193.0;-43.0;49;195;
148500254 ;169;2572.0;2628.0;-1648.0;-1455.0;587.0;-2253.0;-61.0;-197.0;-47.0;78;82;
148500276 ;171;5504.0;-1013.0;-3081.0;-963.0;1321.0;-480.0;-59.0;-199.0;-55.0;164;30;
148500283 ;172;4220.0;-2979.0;-3740.0;-253.0;1683.0;22.0;-59.0;-199.0;-55.0;125;99;
148500318 ;173;1801.0;-3320.0;-2577.0;616.0;2138.0;184.0;-53.0;-197.0;-61.0;16;36;
148500319 ;174;-968.0;-2252.0;-633.0;875.0;1682.0;555.0;-53.0;-197.0;-61.0;180;224;
148500321 ;174;-30801.0;29687.0;-18948.0;-22781.0;10499.0;8193.0;-13051.0;15871.0;-15361.0;255;248;
148500324 ;176;-2645.0;5045.0;1117.0;-366.0;-2143.0;2349.0;-51.0;-195.0;-61.0;203;233;
148500344 ;177;691.0;5125.0;3282.0;-276.0;-4253.0;3696.0;-50.0;-194.0;-54.0;20;192;
148500346 ;178;1418.0;3402.0;4494.0;250.0;-3349.0;3616.0;-50.0;-194.0;-54.0;57;199;
148500353 ;179;954.0;1218.0;4533.0;1159.0;-1475.0;3101.0;-66.0;-194.0;-54.0;212;162;
148500382 ;182;-1297.0;4709.0;4320.0;2414.0;581.0;2232.0;-76.0;-190.0;-46.0;115;69;
148500394 ;183;-982.0;5444.0;5213.0;2501.0;797.0;1798.0;-79.0;-185.0;-45.0;148;90;
148500402 ;184;-221.0;6303.0;5340.0;2354.0;949.0;1379.0;-79.0;-185.0;-45.0;206;48;
148500433 ;187;594.0;9063.0;934.0;1558.0;-703.0;1373.0;-86.0;-186.0;-36.0;241;27;
148500469 ;188;126.0;7965.0;-591.0;731.0;-985.0;718.0;-86.0;-186.0;-36.0;231;167;
148500471 ;189;-1075.0;7634.0;-396.0;342.0;-1279.0;230.0;-91.0;-185.0;-25.0;25;85;
148500478 ;191;-2765.0;6750.0;-608.0;-288.0;-1317.0;-894.0;-96.0;-192.0;-30.0;22;246;
148500486 ;192;-1572.0;5816.0;-201.0;57.0;-1490.0;-1552.0;-96.0;-192.0;-30.0;204;176;
148500493 ;193;-20.0;5674.0;240.0;-457.0;-755.0;-1582.0;-93.0;-185.0;-21.0;226;214;
148500504 ;194;44.0;5279.0;9.0;-1287.0;-430.0;-1777.0;-93.0;-185.0;-21.0;241;239;
148500514 ;195;-341.0;4784.0;103.0;-1432.0;-347.0;-2088.0;-89.0;-195.0;-23.0;93;19;
148500522 ;196;-204.0;4742.0;174.0;-1620.0;-229.0;-2314.0;-89.0;-195.0;-23.0;220;34;
148500534 ;197;233.0;4889.0;-39.0;-1833.0;-51.0;-2439.0;-84.0;-196.0;-34.0;169;9;
148500542 ;198;789.0;4709.0;-416.0;-1847.0;151.0;-2477.0;-84.0;-196.0;-34.0;65;161;
148500583 ;201;1639.0;2630.0;-518.0;-1491.0;1602.0;-2049.0;-73.0;-199.0;-39.0;210;250;
148500583 ;202;1510.0;1908.0;-429.0;-1267.0;2235.0;-1807.0;-73.0;-199.0;-39.0;37;57;
148500621 ;204;93.0;1591.0;468.0;-1153.0;2631.0;-1368.0;-68.0;-200.0;-42.0;153;105;
148500627 ;205;-1168.0;1405.0;856.0;-1123.0;2054.0;-1080.0;-60.0;-194.0;-52.0;115;221;
148500628 ;205;-17458.0;-3848.0;-1532.0;-18683.0;-16389.0;-5627.0;-15108.0;16127.0;-13057.0;255;183;
148500633 ;207;-1727.0;2167.0;2917.0;-1427.0;758.0;-157.0;-47.0;-195.0;-57.0;181;103;
148500643 ;208;-1297.0;2294.0;2067.0;-1823.0;67.0;370.0;-47.0;-195.0;-57.0;93;247;
148500673 ;211;-40.0;913.0;2111.0;-1084.0;835.0;1185.0;-47.0;-195.0;-65.0;35;13;
148500702 ;214;-1830.0;2354.0;1224.0;607.0;3118.0;1369.0;-51.0;-189.0;-65.0;158;196;
148500713 ;214;-23849.0;9207.0;17163.0;9221.0;25605.0;12.0;-12539.0;16383.0;-15361.0;255;111;
148500784 ;222;-1497.0;7684.0;924.0;1129.0;-5848.0;-24.0;-52.0;-196.0;-56.0;28;208;
148500803 ;224;-2908.0;7664.0;1192.0;181.0;-6825.0;-1297.0;-62.0;-200.0;-52.0;248;0;
148500813 ;225;-1948.0;7517.0;1019.0;-132.0;-6364.0;-1787.0;-67.0;-201.0;-41.0;43;241;
148500821 ;226;-481.0;7775.0;1375.0;-698.0;-5512.0;-2204.0;-67.0;-201.0;-41.0;210;42;
148500821 ;10;25571.0;13828.0;6428.0;27396.0;9468.0;3823.0;-16395.0;14847.0;-8705.0;255;111;
148500842 ;228;2583.0;6769.0;1234.0;-1322.0;-2104.0;-2670.0;-65.0;-199.0;-35.0;120;190;
148500862 ;230;2006.0;5638.0;766.0;-2139.0;269.0;-2253.0;-68.0;-200.0;-32.0;174;240;
148500873 ;231;1570.0;4888.0;472.0;-2270.0;768.0;-2088.0;-61.0;-207.0;-39.0;242;22;
148500882 ;255;-2254.0;961.0;-1804.0;-61.0;-207.0;-39.0;8366.0;-5878.0;2452.0;207;28;
148500924 ;234;3396.0;1919.0;-1376.0;-1765.0;1187.0;-825.0;-54.0;-204.0;-46.0;208;6;
148500926 ;235;3382.0;674.0;-2311.0;-1435.0;1360.0;-298.0;-41.0;-201.0;-51.0;75;101;
148500933 ;237;1576.0;-1442.0;-2283.0;-472.0;1521.0;670.0;-47.0;-201.0;-53.0;53;195;
148500942 ;238;136.0;-2257.0;-2165.0;35.0;970.0;1106.0;-47.0;-201.0;-53.0;94;134;
148500955 ;239;-1055.0;-2689.0;-1842.0;525.0;111.0;1625.0;-45.0;-199.0;-57.0;220;142;
148500976 ;241;-441.0;1909.0;803.0;-81.0;-3217.0;3044.0;-51.0;-199.0;-57.0;203;223;
148500982 ;242;-310.0;3174.0;2695.0;648.0;-3810.0;3902.0;-51.0;-199.0;-57.0;151;147;
148500993 ;243;-229.0;2737.0;3623.0;1296.0;-3546.0;3616.0;-57.0;-193.0;-51.0;82;138;
148501001 ;244;-998.0;872.0;4457.0;1985.0;-3227.0;3540.0;-57.0;-193.0;-51.0;234;104;
148501013 ;245;-988.0;1493.0;3992.0;2315.0;-3113.0;3363.0;-74.0;-190.0;-50.0;145;141;
148501022 ;246;-1407.0;3637.0;4229.0;2546.0;-2713.0;2920.0;-74.0;-190.0;-50.0;0;198;
148501072 ;248;-608.0;5142.0;4922.0;2723.0;-2506.0;2000.0;-91.0;-187.0;-35.0;170;216;
148501074 ;249;250.0;6411.0;4350.0;2450.0;-2731.0;1902.0;-96.0;-194.0;-26.0;106;0;
148501075 ;249;250.0;6411.0;4350.0;2450.0;-2731.0;1902.0;-96.0;-194.0;-26.0;106;0;
148501083 ;251;-41.0;9599.0;1337.0;2171.0;-2878.0;1911.0;-101.0;-185.0;-19.0;96;100;
148501086 ;252;186.0;9827.0;-728.0;1719.0;-2213.0;1251.0;-101.0;-185.0;-19.0;80;200;
148501102 ;254;-144.0;9352.0;-4.0;23.0;-729.0;146.0;-112.0;-190.0;-10.0;208;112;
148501117 ;255;-407.0;7834.0;-470.0;-456.0;176.0;-495.0;-112.0;-182.0;-2.0;58;80;
148501122 ;108;23320.0;-29182.0;15102.0;-27644.0;-28420.0;19199.0;-257.0;26111.0;2592.0;1;189;
148501153 ;3;1019.0;4813.0;631.0;-1603.0;3010.0;-1849.0;-109.0;-189.0;-3.0;149;27;
148501162 ;4;988.0;4567.0;572.0;-1792.0;3160.0;-2152.0;-109.0;-189.0;-3.0;239;25;
148501173 ;5;1149.0;4547.0;363.0;-1982.0;3195.0;-2330.0;-107.0;-189.0;-11.0;87;239;
148501224 ;8;1215.0;3498.0;-884.0;-1845.0;2713.0;-2128.0;-94.0;-194.0;-20.0;10;38;
148501229 ;10;408.0;1597.0;-1974.0;-1228.0;2656.0;-1879.0;-85.0;-195.0;-35.0;78;112;
148501233 ;2;2559.0;12803.0;17144.0;-9988.0;20233.0;-18951.0;15359.0;-9729.0;-26113.0;32;213;
148501273 ;15;-3244.0;48.0;1173.0;-178.0;-1499.0;-91.0;-62.0;-196.0;-44.0;40;194;
148501302 ;18;-217.0;1804.0;3249.0;-624.0;-999.0;966.0;-64.0;-198.0;-46.0;102;204;
148501326 ;20;-958.0;1228.0;3087.0;133.0;1319.0;743.0;-69.0;-197.0;-43.0;201;163;
148501333 ;21;-930.0;1956.0;2830.0;570.0;2071.0;765.0;-75.0;-195.0;-51.0;115;89;
148501377 ;23;-887.0;3337.0;2992.0;1254.0;2781.0;543.0;-69.0;-193.0;-49.0;79;107;
148501378 ;24;-448.0;3879.0;3031.0;1492.0;2972.0;455.0;-69.0;-193.0;-49.0;166;76;
148501383 ;26;514.0;5454.0;2362.0;1596.0;2371.0;378.0;-64.0;-192.0;-54.0;191;230;
148501398 ;27;688.0;6323.0;1546.0;1583.0;1800.0;716.0;-64.0;-194.0;-48.0;175;29;
148501414 ;29;-333.0;7531.0;1527.0;597.0;232.0;425.0;-62.0;-198.0;-48.0;46;62;
148501433 ;31;-1863.0;6923.0;1694.0;45.0;-1152.0;-148.0;-64.0;-194.0;-48.0;162;232;
148501442 ;32;-2214.0;6798.0;1745.0;-271.0;-1655.0;-546.0;-64.0;-194.0;-48.0;49;105;
148501453 ;33;-1779.0;6549.0;1564.0;-566.0;-2054.0;-986.0;-65.0;-199.0;-43.0;197;37;
148501466 ;34;-883.0;6744.0;1727.0;-806.0;-2046.0;-1344.0;-65.0;-199.0;-43.0;96;200;
148501473 ;35;65.0;6301.0;1257.0;-926.0;-1859.0;-1752.0;-67.0;-197.0;-41.0;48;132;
148501484 ;36;902.0;6037.0;1224.0;-1276.0;-1044.0;-1883.0;-67.0;-197.0;-41.0;158;222;
148501527 ;38;1087.0;5023.0;698.0;-1927.0;182.0;-1995.0;-62.0;-202.0;-46.0;28;32;
148501531 ;39;1037.0;4572.0;499.0;-2009.0;617.0;-1986.0;-59.0;-199.0;-49.0;205;133;
148501532 ;40;917.0;4126.0;-61.0;-2002.0;872.0;-1940.0;-59.0;-199.0;-49.0;153;67;
148501538 ;41;923.0;3519.0;-745.0;-1747.0;854.0;-1815.0;-49.0;-201.0;-53.0;255;159;
148501542 ;42;1271.0;2685.0;-1460.0;-1471.0;749.0;-1499.0;-49.0;-201.0;-53.0;51;117;
148501555 ;43;1891.0;1384.0;-2529.0;-1189.0;505.0;-1064.0;-51.0;-197.0;-57.0;48;84;
148501573 ;45;917.0;-1069.0;-3468.0;-160.0;-284.0;17.0;-41.0;-195.0;-63.0;71;127;
148501583 ;26;27129.0;-5643.0;-14079.0;-27141.0;-10495.0;15871.0;-15873.0;-19969.0;-224.0;47;81;
148501583 ;10;27129.0;-5643.0;-14079.0;-27141.0;-10495.0;15871.0;-15873.0;-19969.0;-224.0;47;65;
148501633 ;255;3826.0;4008.0;1208.0;-3722.0;2161.0;-57.0;-195.0;-53.0;2683.0;47;157;
148501676 ;255;-533.0;2623.0;3994.0;1736.0;-2424.0;1682.0;-71.0;-195.0;-49.0;223;243;
148501681 ;55;-785.0;4674.0;4455.0;2147.0;-1593.0;1062.0;-78.0;-188.0;-42.0;54;128;
148501722 ;233;3844.0;-30973.0;10752.0;-23038.0;15615.0;-6401.0;19455.0;2592.0;9789.0;7;217;
148501746 ;62;1946.0;6691.0;502.0;316.0;1417.0;-88.0;-92.0;-202.0;-18.0;116;34;
148501753 ;63;1082.0;6375.0;719.0;-78.0;2030.0;-196.0;-93.0;-195.0;-23.0;30;246;
148501773 ;65;588.0;5495.0;1350.0;-94.0;2383.0;-725.0;-91.0;-201.0;-29.0;109;71;
148501782 ;66;786.0;5420.0;1588.0;-414.0;2842.0;-609.0;-91.0;-201.0;-29.0;217;19;
148501828 ;68;229.0;4900.0;1501.0;-1078.0;2939.0;-815.0;-82.0;-198.0;-30.0;75;129;
148501836 ;69;-78.0;4741.0;1436.0;-1371.0;2888.0;-821.0;-78.0;-200.0;-36.0;212;174;
148501862 ;74;-132.0;3887.0;-739.0;-1762.0;2802.0;-641.0;-64.0;-204.0;-44.0;155;97;
148501942 ;32;21258.0;975.0;1368.0;984.0;-928.0;-2030.0;1461.0;-45.0;-193.0;189;209;
148501979 ;84;1477.0;166.0;1016.0;-128.0;-1160.0;1371.0;-45.0;-193.0;-67.0;7;239;
148501984 ;86;296.0;959.0;1421.0;1186.0;577.0;1323.0;-57.0;-189.0;-63.0;222;16;
148501993 ;87;-768.0;1859.0;2031.0;1718.0;745.0;1301.0;-64.0;-188.0;-66.0;62;162;
148502013 ;89;-1254.0;2988.0;3769.0;2538.0;96.0;1127.0;-64.0;-184.0;-66.0;151;171;
148502031 ;90;-969.0;3645.0;4901.0;2560.0;-266.0;994.0;-64.0;-184.0;-66.0;224;148;
148502033 ;91;-482.0;4346.0;5583.0;2318.0;-691.0;864.0;-65.0;-183.0;-55.0;33;181;
148502143 ;102;911.0;5845.0;1725.0;-3133.0;1792.0;-1631.0;-72.0;-198.0;-46.0;232;120;
148502155 ;103;965.0;5025.0;1410.0;-3252.0;2153.0;-1783.0;-77.0;-197.0;-55.0;250;46;
148502173 ;105;1340.0;4038.0;-52.0;-3201.0;2639.0;-1890.0;-58.0;-186.0;-68.0;154;236;
148502193 ;107;1921.0;1947.0;-1570.0;-2771.0;2709.0;-1077.0;-51.0;-187.0;-73.0;227;203;
148502293 ;116;-3168.0;5677.0;2263.0;-970.0;203.0;2145.0;-19.0;-173.0;-89.0;157;103;
148502294 ;117;-3242.0;2605.0;3607.0;-351.0;-274.0;2660.0;-19.0;-171.0;-87.0;37;11;
148502313 ;119;-675.0;1070.0;3755.0;512.0;-841.0;2916.0;-24.0;-172.0;-82.0;241;185;
148502324 ;120;-301.0;2463.0;3690.0;1075.0;-284.0;2819.0;-24.0;-172.0;-82.0;161;69;
148502342 ;122;-179.0;3590.0;3552.0;1866.0;897.0;2058.0;-27.0;-169.0;-91.0;182;34;
148502393 ;127;-807.0;8495.0;2238.0;1369.0;-1785.0;2147.0;-39.0;-179.0;-73.0;55;221;
148502483 ;136;1151.0;5541.0;1471.0;-1888.0;-1234.0;-1351.0;-68.0;-182.0;-64.0;234;212;
148502542 ;142;2629.0;1958.0;147.0;-2114.0;3802.0;-529.0;-69.0;-177.0;-73.0;142;234;
148502656 ;153;-4384.0;2581.0;-1556.0;-776.0;6018.0;449.0;40.0;-156.0;-82.0;28;4;
148502762 ;164;-6461.0;8024.0;1374.0;1255.0;-11839.0;258.0;40.0;-170.0;-66.0;11;135;
148502802 ;3;-3848.0;-31457.0;13308.0;-29699.0;25548.0;-3598.0;20479.0;-19969.0;10239.0;32;136;
148502821 ;170;3478.0;8521.0;2664.0;-1707.0;-8175.0;-3909.0;-38.0;-172.0;-82.0;22;216;
148502842 ;172;3260.0;6344.0;4085.0;-3217.0;-2314.0;-3021.0;-51.0;-177.0;-75.0;197;143;
148502904 ;177;-1592.0;3933.0;3275.0;-4029.0;443.0;-2606.0;-47.0;-167.0;-89.0;99;193;
148502922 ;180;-2484.0;3241.0;2564.0;-4336.0;-436.0;-2446.0;-41.0;-155.0;-99.0;106;150;
148502954 ;183;-585.0;1983.0;2064.0;-4638.0;-384.0;-2416.0;-37.0;-133.0;-109.0;44;172;
148502973 ;185;-620.0;1700.0;1400.0;-4610.0;16.0;-2317.0;-37.0;-123.0;-121.0;99;5;
148503036 ;189;389.0;596.0;-281.0;-3753.0;1979.0;-2050.0;-32.0;-92.0;-124.0;172;112;
148503043 ;190;525.0;363.0;-629.0;-3364.0;2677.0;-2016.0;-32.0;-92.0;-124.0;85;49;
148503063 ;194;-413.0;-43.0;-241.0;-1934.0;3172.0;-2003.0;-10.0;-74.0;-130.0;85;89;
148503076 ;195;-593.0;-243.0;51.0;-1527.0;2759.0;-1649.0;-2.0;-66.0;-124.0;113;9;
148503102 ;198;-136.0;-318.0;750.0;-659.0;1495.0;-837.0;4.0;-58.0;-122.0;98;250;
148503113 ;199;195.0;-574.0;535.0;-413.0;1227.0;-482.0;12.0;-52.0;-122.0;52;240;
148503122 ;0;-52.0;-122.0;8361.0;-14070.0;1888.0;-1516.0;-375.0;220.0;1065.0;118;102;
148503147 ;10;18122.0;-22518.0;32759.0;-29699.0;-24062.0;-28925.0;4611.0;-14336.0;-31489.0;255;226;
148503184 ;204;3794.0;-2908.0;-811.0;1688.0;1240.0;2064.0;21.0;-53.0;-121.0;54;64;
148503186 ;253;2238.0;1605.0;2570.0;22.0;-56.0;-120.0;8313.0;-12790.0;3291.0;250;30;
148503194 ;207;3074.0;-2316.0;-380.0;3397.0;2436.0;3757.0;27.0;-65.0;-125.0;104;210;
148503223 ;210;2521.0;-942.0;140.0;4761.0;2845.0;5462.0;38.0;-80.0;-118.0;84;200;
148503234 ;210;-24877.0;20231.0;-8960.0;10752.0;-7660.0;-15351.0;11799.0;-26112.0;-29441.0;255;225;
148503286 ;216;-1242.0;9158.0;-130.0;6382.0;-395.0;8706.0;40.0;-152.0;-96.0;84;246;
148503413 ;229;2988.0;2558.0;493.0;-3198.0;-3864.0;298.0;-119.0;-183.0;25.0;28;232;
148503443 ;232;8089.0;1803.0;-533.0;-2122.0;1308.0;-2099.0;-119.0;-183.0;19.0;57;239;
148503486 ;234;7699.0;2407.0;-1363.0;-1356.0;6885.0;-1667.0;-110.0;-190.0;14.0;95;31;
148503496 ;237;944.0;4840.0;-590.0;-1060.0;13645.0;-3878.0;-100.0;-194.0;-10.0;99;31;
148503502 ;238;-3785.0;5743.0;-1215.0;-1727.0;13910.0;-5578.0;-100.0;-194.0;-10.0;180;110;
148503533 ;241;-10901.0;2893.0;-4049.0;-567.0;223.0;398.0;-49.0;-203.0;-49.0;214;82;
148503542 ;242;-2775.0;-778.0;1155.0;133.0;-3005.0;1108.0;-49.0;-203.0;-49.0;151;33;
148503567 ;244;1340.0;-113.0;1387.0;300.0;-4415.0;3908.0;-47.0;-201.0;-53.0;92;98;
148503592 ;10;-30729.0;-5126.0;14854.0;-4082.0;6665.0;8685.0;-17652.0;15359.0;-10241.0;255;7;
148503644 ;32;-1270.0;-142.0;5078.0;-135.0;2685.0;-9379.0;2004.0;-101.0;-193.0;243;100;
148503802 ;12;-11615.0;2955.0;2309.0;-1487.0;-3853.0;-173.0;-84.0;-188.0;-48.0;106;122;
148503693 ;1;4644.0;6222.0;1041.0;388.0;5981.0;-89.0;-111.0;-191.0;23.0;98;14;
148503712 ;3;2973.0;4558.0;-932.0;-564.0;8776.0;-300.0;-111.0;-191.0;9.0;234;104;
148503794 ;10;-3975.0;560.0;-6988.0;118.0;5633.0;-1160.0;-94.0;-192.0;-36.0;34;232;
148503653 ;10;23549.0;23566.0;24599.0;5894.0;1286.0;11753.0;-28925.0;17919.0;2047.0;0;77;
148503813 ;12;-21747.0;17892.0;20524.0;17179.0;-1025.0;-15907.0;-19193.0;16383.0;-12801.0;255;93;
148503833 ;15;4017.0;3024.0;2113.0;323.0;-12010.0;3185.0;-89.0;-185.0;-37.0;139;53;
148503846 ;16;4265.0;3386.0;1652.0;997.0;-10126.0;2004.0;-89.0;-185.0;-37.0;135;157;
148503852 ;17;2920.0;4729.0;2492.0;1189.0;-7632.0;1056.0;-109.0;-187.0;-23.0;155;17;
148503863 ;18;1754.0;5045.0;2658.0;913.0;-5470.0;706.0;-109.0;-187.0;-23.0;242;240;
148503872 ;19;985.0;4108.0;1438.0;509.0;-3298.0;134.0;-113.0;-179.0;-5.0;65;53;
148503883 ;20;2131.0;3398.0;633.0;302.0;-1328.0;-259.0;-113.0;-179.0;-5.0;47;149;
148503892 ;21;2686.0;3331.0;78.0;374.0;611.0;-306.0;-115.0;-177.0;9.0;176;230;
148503903 ;22;2477.0;3995.0;-590.0;545.0;2326.0;-592.0;-115.0;-177.0;9.0;33;249;
148503941 ;24;3797.0;4930.0;-988.0;935.0;4837.0;-830.0;-119.0;-183.0;11.0;212;198;
148503946 ;25;4233.0;4964.0;-789.0;706.0;5972.0;-781.0;-122.0;-188.0;4.0;36;128;
148503947 ;26;2869.0;4759.0;-890.0;464.0;6728.0;-806.0;-122.0;-188.0;4.0;132;146;
148503953 ;27;1317.0;4379.0;-1026.0;365.0;6723.0;-749.0;-113.0;-187.0;-9.0;55;7;
148503972 ;29;-1728.0;3407.0;-1524.0;187.0;4767.0;-698.0;-104.0;-192.0;-22.0;80;122;
148503988 ;30;-2705.0;3003.0;-1161.0;48.0;3509.0;-668.0;-104.0;-192.0;-22.0;246;78;
148503992 ;31;-3207.0;2581.0;-716.0;40.0;2116.0;-696.0;-98.0;-188.0;-24.0;133;117;
148504004 ;32;-3012.0;2640.0;410.0;-29.0;597.0;-624.0;-98.0;-188.0;-24.0;252;232;
148504013 ;33;-2244.0;2903.0;1680.0;-267.0;-935.0;-421.0;-90.0;-188.0;-38.0;216;198;
