148128490 ;2;4.0;-6597.0;-7846.0;-2119.0;5547.0;-538.0;32.0;-126.0;-114.0;13;141;
148128494 ;3;-1008.0;-7486.0;-6970.0;-690.0;3928.0;612.0;58.0;40.0;-32.0;224;72;
148128503 ;4;-2114.0;-7400.0;-4467.0;503.0;2611.0;1874.0;58.0;40.0;-32.0;40;104;
148128558 ;5;-1051.0;-6641.0;-2594.0;1197.0;2643.0;2510.0;62.0;42.0;-18.0;17;193;
148128559 ;6;131.0;-5769.0;-732.0;1796.0;2628.0;2867.0;62.0;42.0;-18.0;32;152;
148128560 ;7;-239.0;-3617.0;590.0;2394.0;3285.0;2998.0;72.0;34.0;-20.0;187;239;
148128567 ;8;-1078.0;2293.0;1314.0;3105.0;4922.0;2559.0;72.0;34.0;-20.0;242;66;
148128567 ;9;-1775.0;3630.0;2267.0;1268.0;6688.0;2767.0;84.0;20.0;-18.0;188;102;
148128582 ;10;-6268.0;3345.0;1885.0;936.0;6617.0;3280.0;84.0;20.0;-18.0;239;227;
148128583 ;11;-10082.0;985.0;1647.0;823.0;4927.0;4165.0;95.0;15.0;-7.0;67;207;
148128584 ;12;-10647.0;551.0;424.0;1088.0;2903.0;4960.0;95.0;15.0;-7.0;198;40;
148128617 ;13;-12064.0;1045.0;-123.0;1509.0;1777.0;4053.0;102.0;8.0;0.0;183;223;
148128621 ;14;-15669.0;1603.0;533.0;1713.0;2442.0;2509.0;102.0;8.0;0.0;179;225;
148128625 ;15;-18426.0;1640.0;3266.0;1097.0;3891.0;1285.0;105.0;-3.0;5.0;54;36;
148128626 ;16;-16939.0;163.0;5595.0;233.0;4657.0;886.0;105.0;-3.0;5.0;110;238;
148128635 ;17;-12102.0;-2296.0;6389.0;-490.0;4878.0;1141.0;113.0;-5.0;15.0;249;189;
148128643 ;18;-7676.0;-4904.0;2764.0;-622.0;4425.0;1300.0;113.0;-5.0;15.0;56;112;
148128675 ;19;-4745.0;-5129.0;-3434.0;-166.0;833.0;1128.0;112.0;-6.0;24.0;149;61;
148128714 ;20;-5408.0;-2704.0;-13771.0;631.0;-5489.0;403.0;112.0;-6.0;24.0;115;161;
148128715 ;21;-9670.0;1125.0;-9877.0;2361.0;-12047.0;-1183.0;117.0;-9.0;25.0;227;227;
148128720 ;22;-1450.0;4728.0;-365.0;1619.0;-8321.0;-2202.0;117.0;-9.0;25.0;67;151;
148128723 ;23;40.0;3674.0;-201.0;2995.0;-5049.0;-1241.0;110.0;-16.0;2.0;121;37;
148128725 ;24;2342.0;4296.0;6237.0;1543.0;100.0;-2195.0;110.0;-16.0;2.0;242;28;
148128730 ;25;1202.0;652.0;3474.0;970.0;4843.0;-1632.0;105.0;-7.0;-13.0;220;158;
148128733 ;26;-2780.0;-418.0;3762.0;1023.0;6847.0;-1378.0;105.0;-7.0;-13.0;63;163;
148128743 ;27;-3855.0;-852.0;2151.0;639.0;7001.0;-986.0;106.0;-2.0;-6.0;180;132;
148128748 ;28;-4298.0;-1156.0;1293.0;491.0;5635.0;-425.0;106.0;-2.0;-6.0;174;88;
148128754 ;29;-3574.0;-1891.0;412.0;121.0;3470.0;-492.0;106.0;-4.0;10.0;10;68;
148128787 ;30;-3013.0;-2455.0;-342.0;140.0;1525.0;-318.0;106.0;-4.0;10.0;51;19;
148128791 ;31;-3023.0;-2200.0;-73.0;36.0;-23.0;-154.0;107.0;1.0;17.0;113;247;
148128793 ;32;-2315.0;-1988.0;202.0;-80.0;-1645.0;61.0;107.0;1.0;17.0;40;100;
148128801 ;33;-1915.0;-1854.0;553.0;-77.0;-2517.0;298.0;103.0;3.0;25.0;46;160;
148128803 ;34;-1085.0;-2007.0;328.0;-72.0;-3029.0;350.0;103.0;3.0;25.0;44;18;
148128859 ;35;-210.0;-2457.0;615.0;38.0;-3677.0;634.0;106.0;4.0;16.0;244;94;
148128861 ;36;43.0;-2626.0;1555.0;217.0;-3675.0;1135.0;106.0;4.0;16.0;165;227;
148128863 ;37;599.0;-2635.0;1780.0;338.0;-3262.0;1487.0;103.0;5.0;7.0;27;165;
148128874 ;38;1061.0;-2404.0;1831.0;441.0;-2912.0;2076.0;103.0;5.0;7.0;30;250;
148128876 ;39;822.0;-1662.0;2010.0;409.0;-2654.0;2721.0;106.0;0.0;0.0;44;144;
148129275 ;40;-148.0;-425.0;2458.0;346.0;-1841.0;3172.0;106.0;0.0;-6.0;5;192;
148129279 ;42;-3717.0;2136.0;1320.0;29.0;173.0;3393.0;116.0;-6.0;-8.0;19;125;
148129312 ;44;-10040.0;2360.0;-659.0;315.0;1183.0;2586.0;116.0;-18.0;-8.0;9;100;
148129318 ;46;-18867.0;3535.0;-1417.0;-129.0;1896.0;-428.0;117.0;-27.0;-11.0;172;144;
148129319 ;48;-14430.0;1767.0;-442.0;-1344.0;-51.0;-353.0;117.0;-31.0;-7.0;75;34;
148129325 ;50;-6079.0;-2328.0;-7803.0;-728.0;-5927.0;156.0;122.0;-26.0;-2.0;167;209;
148129328 ;51;-4736.0;112.0;-8905.0;59.0;-8312.0;-877.0;118.0;-28.0;-4.0;163;131;
148129334 ;53;2870.0;3999.0;-2520.0;-920.0;-6498.0;-1306.0;108.0;-22.0;-20.0;116;246;
148129335 ;54;3325.0;2379.0;1411.0;372.0;-3655.0;-1087.0;108.0;-22.0;-20.0;212;68;
148129335 ;56;921.0;868.0;3010.0;84.0;5842.0;-2018.0;101.0;-19.0;-40.0;1;0;
148129335 ;58;-2366.0;168.0;2672.0;-1253.0;5647.0;-1720.0;100.0;-14.0;-40.0;243;240;
148129336 ;60;-411.0;-1527.0;-1271.0;-1471.0;4228.0;-647.0;99.0;-9.0;-25.0;246;84;
148129336 ;62;-895.0;-2513.0;-2582.0;-2034.0;1940.0;-549.0;108.0;0.0;-10.0;163;137;
148129336 ;64;-15.0;-3201.0;-1981.0;-1330.0;1351.0;646.0;107.0;-1.0;1.0;171;203;
148129337 ;66;-1056.0;-3209.0;-909.0;-788.0;462.0;1886.0;102.0;2.0;3.0;36;153;
148129337 ;68;-2591.0;-3457.0;1373.0;-786.0;-429.0;1959.0;107.0;1.0;3.0;6;217;
148129338 ;70;-2817.0;-2993.0;1366.0;-722.0;-1540.0;2444.0;114.0;-4.0;12.0;189;161;
148129338 ;72;-2871.0;-1880.0;2221.0;-711.0;-1820.0;2688.0;107.0;-9.0;9.0;153;146;
148129338 ;74;-1854.0;-89.0;3085.0;-1067.0;-251.0;3143.0;114.0;-20.0;8.0;73;245;
148129339 ;76;-7026.0;1736.0;928.0;-1104.0;1709.0;2068.0;120.0;-26.0;4.0;235;248;
148129339 ;78;-19050.0;4047.0;-970.0;-819.0;4458.0;-2131.0;123.0;-27.0;5.0;220;57;
148129339 ;80;-13251.0;4741.0;-3136.0;-2379.0;3007.0;-1510.0;119.0;-29.0;11.0;186;88;
148129340 ;81;-8122.0;2178.0;-4312.0;-1351.0;180.0;920.0;119.0;-19.0;31.0;173;134;
148129346 ;83;-9879.0;6002.0;-4909.0;534.0;-9087.0;-3150.0;115.0;-21.0;31.0;205;227;
148129346 ;85;437.0;4780.0;1006.0;248.0;-7379.0;-787.0;115.0;-13.0;17.0;55;209;
148129348 ;87;5978.0;2883.0;3592.0;87.0;1258.0;-2950.0;106.0;-16.0;-8.0;89;43;
148129360 ;88;4672.0;724.0;2235.0;12.0;4250.0;-2196.0;106.0;-16.0;-8.0;214;58;
148129361 ;89;2297.0;-609.0;1697.0;195.0;6067.0;-1823.0;107.0;-5.0;-7.0;138;80;
148129366 ;90;1291.0;-1223.0;662.0;443.0;7318.0;-1307.0;107.0;-5.0;-7.0;10;110;
148129403 ;91;122.0;-1086.0;-295.0;779.0;7607.0;-935.0;105.0;5.0;5.0;61;123;
148129404 ;92;-1093.0;-1751.0;-1524.0;821.0;6905.0;-728.0;105.0;5.0;5.0;71;121;
148129405 ;93;-2736.0;-2215.0;-1744.0;628.0;5575.0;-564.0;104.0;6.0;16.0;222;94;
148129413 ;94;-4586.0;-2405.0;-374.0;470.0;4386.0;-405.0;104.0;6.0;16.0;150;154;
148129415 ;95;-5252.0;-2535.0;1.0;388.0;3108.0;-104.0;102.0;8.0;36.0;222;140;
148129421 ;96;-5459.0;-2190.0;614.0;242.0;1292.0;341.0;102.0;8.0;36.0;221;9;
148129461 ;97;-4636.0;-1899.0;1713.0;-105.0;-623.0;721.0;100.0;8.0;32.0;35;3;
148129464 ;98;-3418.0;-1943.0;2024.0;-488.0;-2163.0;948.0;100.0;8.0;32.0;81;5;
148129465 ;99;-3083.0;-2086.0;2455.0;-658.0;-3058.0;1161.0;103.0;7.0;41.0;119;81;
148129469 ;100;-3587.0;-1898.0;2966.0;-709.0;-3347.0;1076.0;103.0;7.0;41.0;145;17;
148129474 ;101;-3983.0;-1379.0;2982.0;-641.0;-3384.0;1091.0;102.0;6.0;34.0;67;185;
148129483 ;102;-3396.0;-674.0;2717.0;-720.0;-2803.0;1371.0;102.0;6.0;34.0;93;31;
148129516 ;103;-2384.0;-596.0;1629.0;-1056.0;-1766.0;1739.0;103.0;5.0;25.0;135;79;
148129519 ;104;-2533.0;-1492.0;473.0;-1148.0;-876.0;1837.0;103.0;5.0;25.0;107;231;
148129520 ;105;-4417.0;-2343.0;-590.0;-695.0;-259.0;1533.0;108.0;-4.0;18.0;122;64;
148129524 ;106;-7510.0;-2408.0;-2395.0;141.0;2.0;1043.0;108.0;-4.0;18.0;104;208;
148129557 ;107;-11049.0;-1575.0;-2360.0;852.0;-276.0;327.0;111.0;-3.0;21.0;217;39;
148129560 ;108;-11115.0;-361.0;-1846.0;493.0;-577.0;-406.0;111.0;-3.0;21.0;232;30;
148129561 ;109;-8876.0;531.0;-1551.0;456.0;-2172.0;21.0;111.0;1.0;17.0;161;7;
148129569 ;110;-8155.0;940.0;-2227.0;532.0;-4150.0;1119.0;111.0;1.0;17.0;67;131;
148129574 ;111;-7203.0;1689.0;-1868.0;433.0;-6032.0;1102.0;108.0;-8.0;12.0;111;173;
148129640 ;112;-7178.0;3039.0;-174.0;395.0;-7251.0;977.0;108.0;-8.0;12.0;13;71;
148129641 ;113;-5501.0;4738.0;1783.0;281.0;-6602.0;214.0;108.0;-8.0;-6.0;1;35;
148129643 ;114;-1385.0;3471.0;2492.0;523.0;-5194.0;-403.0;108.0;-8.0;-6.0;3;171;
148129651 ;115;-912.0;2208.0;4649.0;496.0;-1694.0;-1383.0;106.0;-8.0;-20.0;23;49;
148129651 ;116;-2697.0;2633.0;4366.0;449.0;2201.0;-2201.0;106.0;-8.0;-20.0;137;63;
148129658 ;117;-4228.0;1497.0;2715.0;456.0;3688.0;-2535.0;98.0;-2.0;-24.0;33;181;
148129659 ;118;-4065.0;570.0;2298.0;500.0;3732.0;-2451.0;98.0;-2.0;-24.0;45;249;
148129661 ;119;-3116.0;276.0;1873.0;403.0;3720.0;-2345.0;99.0;5.0;-19.0;32;120;
148129667 ;120;-1988.0;-402.0;1172.0;312.0;3607.0;-2057.0;99.0;5.0;-19.0;122;194;
148129674 ;121;-866.0;-1118.0;465.0;184.0;3695.0;-1720.0;98.0;6.0;-8.0;129;179;
148129683 ;122;-317.0;-1789.0;-262.0;76.0;3845.0;-1338.0;98.0;6.0;-8.0;216;138;
148129714 ;123;-545.0;-2191.0;-1617.0;-2.0;3873.0;-1218.0;97.0;15.0;-5.0;97;35;
148129716 ;124;-1033.0;-2444.0;-2087.0;91.0;3567.0;-1081.0;97.0;15.0;-5.0;85;25;
148129718 ;125;-1589.0;-2736.0;-2343.0;49.0;3107.0;-825.0;90.0;8.0;2.0;6;154;
148129726 ;126;-1473.0;-3143.0;-2446.0;118.0;2877.0;44.0;90.0;8.0;2.0;67;99;
148129763 ;127;-1621.0;-3182.0;-2749.0;287.0;2163.0;933.0;91.0;17.0;11.0;196;82;
148129764 ;128;-879.0;-3271.0;-3157.0;494.0;742.0;1629.0;91.0;17.0;11.0;178;68;
148129765 ;129;134.0;-3441.0;-2724.0;705.0;-838.0;2232.0;95.0;13.0;13.0;181;147;
148129769 ;130;751.0;-3661.0;-1704.0;765.0;-1813.0;2486.0;95.0;13.0;13.0;172;170;
148129774 ;131;1666.0;-3986.0;-1022.0;788.0;-2203.0;2737.0;98.0;12.0;14.0;59;19;
148129783 ;132;1603.0;-3778.0;853.0;1019.0;-2422.0;3192.0;98.0;12.0;14.0;252;226;
148129815 ;133;15.0;-2671.0;1658.0;1342.0;-1276.0;3102.0;101.0;-3.0;1.0;146;8;
148129818 ;134;-1819.0;-722.0;1601.0;1750.0;43.0;2956.0;101.0;-3.0;1.0;255;63;
148129823 ;135;-3529.0;1326.0;2283.0;1331.0;377.0;2635.0;103.0;-3.0;1.0;107;203;
148129824 ;136;-4848.0;1922.0;1792.0;790.0;508.0;2764.0;103.0;-3.0;1.0;143;151;
148129854 ;137;-6675.0;1820.0;962.0;325.0;575.0;3169.0;108.0;-12.0;0.0;192;2;
148129856 ;138;-10444.0;1392.0;-1174.0;366.0;515.0;2702.0;108.0;-12.0;0.0;4;42;
148129858 ;139;-16380.0;1665.0;-2693.0;571.0;385.0;857.0;110.0;-18.0;0.0;230;240;
148129867 ;140;-18013.0;2716.0;-1868.0;-306.0;1137.0;-1208.0;110.0;-18.0;0.0;67;239;
148129874 ;141;-15823.0;2490.0;-2541.0;-886.0;-44.0;-810.0;114.0;-20.0;-4.0;249;23;
148129917 ;142;-11679.0;409.0;-3920.0;-712.0;-3463.0;705.0;114.0;-20.0;-4.0;224;32;
148129918 ;143;-7576.0;-259.0;-6095.0;47.0;-6486.0;1346.0;105.0;-21.0;-3.0;108;174;
148129919 ;144;-5602.0;2970.0;-7761.0;677.0;-8874.0;1514.0;105.0;-21.0;-3.0;15;45;
148129923 ;145;-5290.0;7205.0;-904.0;661.0;-8563.0;479.0;101.0;-27.0;-19.0;200;204;
148129924 ;146;1639.0;8898.0;485.0;614.0;-6005.0;163.0;101.0;-27.0;-19.0;166;20;
148129953 ;147;2525.0;6930.0;2727.0;948.0;-2276.0;-520.0;100.0;-36.0;-36.0;90;244;
148129955 ;148;1908.0;2844.0;4799.0;902.0;2457.0;-2414.0;100.0;-36.0;-36.0;254;98;
148129956 ;149;-2536.0;1766.0;1649.0;1556.0;6364.0;-2687.0;93.0;-27.0;-39.0;205;5;
148129963 ;150;-4450.0;2309.0;1308.0;1416.0;6367.0;-3081.0;93.0;-27.0;-39.0;2;246;
148129991 ;151;-3431.0;1213.0;1554.0;1031.0;4915.0;-2431.0;95.0;-19.0;-33.0;22;66;
148129994 ;152;-2092.0;537.0;1495.0;945.0;4309.0;-2004.0;95.0;-19.0;-33.0;106;150;
148129995 ;153;-43.0;-157.0;847.0;827.0;4092.0;-1583.0;102.0;-14.0;-20.0;160;210;
148130023 ;154;1093.0;-987.0;537.0;610.0;4266.0;-1123.0;102.0;-14.0;-20.0;65;247;
148130025 ;155;1156.0;-1671.0;-342.0;480.0;4638.0;-945.0;96.0;-16.0;-12.0;5;223;
148130029 ;156;212.0;-1890.0;-759.0;496.0;4079.0;-998.0;96.0;-16.0;-12.0;125;99;
148130065 ;157;-743.0;-2115.0;-416.0;309.0;3784.0;-1059.0;102.0;-10.0;0.0;46;60;
148130066 ;158;-1872.0;-2540.0;-802.0;174.0;3743.0;-633.0;102.0;-10.0;0.0;142;22;
148130068 ;159;-4006.0;-2389.0;-357.0;2.0;3429.0;-513.0;101.0;-9.0;3.0;27;33;
148130071 ;160;-4574.0;-2516.0;-216.0;-267.0;2516.0;-557.0;101.0;-9.0;3.0;33;221;
148130079 ;161;-4356.0;-2551.0;-452.0;-378.0;1075.0;-125.0;98.0;-6.0;6.0;140;246;
148130083 ;162;-4646.0;-2350.0;-100.0;-584.0;-660.0;381.0;98.0;-6.0;6.0;243;49;
148130109 ;163;-4387.0;-2332.0;302.0;-839.0;-2167.0;422.0;99.0;-13.0;15.0;225;123;
148130111 ;164;-3276.0;-2360.0;381.0;-995.0;-3265.0;463.0;99.0;-13.0;15.0;176;136;
148130115 ;165;-2137.0;-2343.0;302.0;-939.0;-3909.0;773.0;97.0;-9.0;15.0;213;93;
148130123 ;166;-1331.0;-2242.0;537.0;-829.0;-3953.0;1241.0;97.0;-9.0;15.0;104;146;
148130149 ;167;-786.0;-2124.0;754.0;-781.0;-3353.0;1685.0;97.0;-9.0;3.0;23;207;
148130151 ;168;-1424.0;-1777.0;403.0;-582.0;-2066.0;2010.0;97.0;-9.0;3.0;175;133;
148130158 ;169;-4096.0;-724.0;-98.0;-33.0;-454.0;1857.0;103.0;-9.0;1.0;69;15;
148130164 ;170;-8382.0;285.0;-1445.0;484.0;927.0;1240.0;103.0;-9.0;1.0;41;107;
148130219 ;171;-13938.0;1880.0;-2374.0;917.0;1857.0;-270.0;107.0;-17.0;-1.0;98;114;
148130220 ;172;-15788.0;3735.0;-2219.0;372.0;2376.0;-1929.0;107.0;-17.0;-1.0;105;235;
148130220 ;173;-13860.0;4691.0;-1334.0;-35.0;1975.0;-1160.0;104.0;-18.0;2.0;9;137;
148130224 ;174;-10748.0;3426.0;-277.0;-133.0;-77.0;265.0;104.0;-18.0;2.0;151;151;
148130225 ;175;-9293.0;1453.0;-1975.0;387.0;-1894.0;554.0;98.0;-22.0;2.0;233;73;
148130228 ;176;-9867.0;1526.0;-3541.0;716.0;-3917.0;-1042.0;98.0;-22.0;2.0;231;241;
148130236 ;177;-9897.0;3647.0;-2992.0;1077.0;-5115.0;-2598.0;94.0;-16.0;0.0;226;38;
148130243 ;178;-7616.0;5455.0;-2148.0;890.0;-5377.0;-3016.0;94.0;-16.0;0.0;212;250;
148130268 ;179;-3673.0;3757.0;-1183.0;944.0;-5102.0;-2571.0;93.0;-9.0;-13.0;108;226;
148130270 ;180;-2673.0;2121.0;-944.0;1073.0;-3568.0;-3113.0;93.0;-9.0;-13.0;69;163;
148130274 ;181;-502.0;1106.0;74.0;1491.0;-679.0;-3690.0;87.0;-7.0;-15.0;123;61;
148130298 ;182;303.0;743.0;429.0;1560.0;2050.0;-3379.0;87.0;-7.0;-15.0;205;143;
148130300 ;183;60.0;-192.0;-49.0;1510.0;3833.0;-3158.0;78.0;4.0;-26.0;240;48;
148130306 ;184;-457.0;-1347.0;-738.0;1622.0;4535.0;-2834.0;78.0;4.0;-26.0;38;64;
148130314 ;185;-912.0;-2158.0;-1664.0;1748.0;4503.0;-2448.0;78.0;-2.0;-22.0;109;139;
148130366 ;186;-890.0;-2519.0;-3012.0;1792.0;3545.0;-2073.0;78.0;-2.0;-22.0;180;100;
148130375 ;187;-502.0;-2978.0;-3180.0;1759.0;2135.0;-1627.0;75.0;7.0;-15.0;234;48;
148130376 ;188;424.0;-3497.0;-3687.0;1936.0;777.0;-840.0;75.0;7.0;-15.0;251;105;
148130378 ;189;2055.0;-4220.0;-3903.0;2167.0;-626.0;268.0;74.0;10.0;-14.0;118;142;
148130383 ;190;4029.0;-4899.0;-4205.0;2578.0;-2009.0;1387.0;74.0;10.0;-14.0;239;143;
148130384 ;191;4760.0;-4918.0;-1654.0;3106.0;-3555.0;2488.0;71.0;9.0;-19.0;6;102;
148130389 ;192;3064.0;-4085.0;2533.0;2994.0;-3574.0;2519.0;71.0;9.0;-19.0;171;205;
148130394 ;193;2375.0;-3937.0;4122.0;3100.0;-2107.0;2384.0;79.0;1.0;-31.0;97;235;
148130403 ;194;1190.0;-2589.0;5047.0;3398.0;-810.0;2732.0;79.0;1.0;-31.0;67;111;
148130428 ;195;-759.0;-128.0;4876.0;3176.0;15.0;2827.0;76.0;-8.0;-40.0;68;122;
148130429 ;196;-2910.0;1778.0;4548.0;2734.0;336.0;2639.0;76.0;-8.0;-40.0;205;69;
148130435 ;197;-4705.0;3439.0;4394.0;2287.0;410.0;2691.0;81.0;-15.0;-47.0;98;64;
148130444 ;198;-6498.0;2861.0;3536.0;1704.0;-618.0;2926.0;81.0;-15.0;-47.0;84;190;
148130454 ;199;-7125.0;1855.0;2784.0;1451.0;-1887.0;3602.0;83.0;-23.0;-45.0;166;114;
148130464 ;200;-7909.0;1318.0;1761.0;1518.0;-2366.0;3367.0;83.0;-23.0;-45.0;236;64;
148130476 ;201;-9750.0;1727.0;1562.0;1900.0;-1798.0;2505.0;80.0;-32.0;-52.0;204;160;
148130483 ;202;-13659.0;2910.0;1644.0;2001.0;-148.0;1020.0;80.0;-32.0;-52.0;122;118;
148130518 ;203;-15122.0;4183.0;3067.0;899.0;1599.0;-898.0;80.0;-40.0;-60.0;67;11;
148130519 ;204;-9848.0;2208.0;3298.0;-371.0;2461.0;-430.0;80.0;-40.0;-60.0;88;246;
148131813 ;205;-6362.0;-953.0;-618.0;325.0;1942.0;1250.0;84.0;-40.0;-52.0;13;133;
148131819 ;207;-9612.0;1638.0;-7788.0;1920.0;-4576.0;789.0;84.0;-42.0;-56.0;21;75;
148131820 ;209;-3409.0;6955.0;-1408.0;1519.0;-7592.0;-1030.0;80.0;-48.0;-58.0;99;251;
148131820 ;210;-2554.0;7191.0;1408.0;1418.0;-4491.0;-814.0;80.0;-48.0;-58.0;47;250;
148131826 ;212;-746.0;3010.0;2815.0;344.0;1626.0;-2578.0;69.0;-49.0;-71.0;44;4;
148131828 ;214;-2361.0;807.0;1359.0;45.0;3669.0;-2585.0;57.0;-47.0;-75.0;225;154;
148131829 ;216;-2024.0;-386.0;-930.0;197.0;2812.0;-2240.0;62.0;-38.0;-74.0;110;230;
148131835 ;218;-1167.0;-2656.0;-1843.0;147.0;484.0;-1585.0;70.0;-36.0;-68.0;118;124;
148131838 ;220;-838.0;-2942.0;-611.0;571.0;-1030.0;-847.0;73.0;-35.0;-63.0;41;134;
148131838 ;222;-2042.0;-2609.0;2108.0;848.0;-1252.0;-455.0;66.0;-38.0;-70.0;215;85;
148131838 ;224;-4240.0;-2036.0;3381.0;740.0;-485.0;-1308.0;67.0;-35.0;-67.0;2;167;
148131839 ;226;-2060.0;-1798.0;2436.0;67.0;-989.0;-390.0;62.0;-34.0;-78.0;241;14;
148131839 ;228;428.0;-3493.0;2855.0;-15.0;-1157.0;-10.0;62.0;-38.0;-72.0;211;61;
148131840 ;230;528.0;-2804.0;3238.0;237.0;159.0;369.0;53.0;-35.0;-76.0;83;211;
148131840 ;232;-1851.0;-1715.0;3287.0;286.0;1821.0;757.0;58.0;-36.0;-76.0;45;48;
148131840 ;234;-8418.0;-968.0;536.0;526.0;2430.0;-41.0;53.0;-35.0;-77.0;12;215;
148131841 ;236;-11037.0;400.0;-1134.0;-463.0;-211.0;-1157.0;62.0;-42.0;-74.0;132;202;
148131881 ;245;-4988.0;420.0;3595.0;-720.0;1979.0;-3119.0;48.0;-32.0;-84.0;96;56;
148131888 ;247;-1709.0;-1040.0;2584.0;-873.0;1343.0;-2754.0;46.0;-26.0;-80.0;157;140;
148131889 ;249;513.0;-2004.0;822.0;-778.0;2316.0;-2456.0;48.0;-18.0;-80.0;159;206;
148131890 ;251;561.0;-2983.0;-1025.0;-390.0;3321.0;-2291.0;45.0;-15.0;-71.0;44;165;
148131899 ;253;-780.0;-3927.0;-1858.0;309.0;2477.0;-1634.0;51.0;-11.0;-63.0;132;48;
148131900 ;255;-766.0;-4117.0;-1032.0;517.0;927.0;232.0;61.0;-9.0;-63.0;70;85;
148131901 ;3;-2452.0;-1769.0;2758.0;781.0;535.0;1628.0;56.0;-10.0;-64.0;88;222;
148131900 ;255;-766.0;-4117.0;-1032.0;517.0;927.0;232.0;61.0;-9.0;-63.0;70;85;
148131900 ;1;-766.0;-4117.0;-1032.0;517.0;927.0;232.0;61.0;-9.0;-63.0;70;171;
148131901 ;5;-2461.0;-410.0;2846.0;116.0;2273.0;1997.0;64.0;-14.0;-68.0;147;110;
148131903 ;9;-3576.0;-5286.0;-2169.0;-168.0;-156.0;-930.0;1949.0;67.0;-29.0;199;67;
148131903 ;9;-248.0;-5286.0;-2169.0;-168.0;-156.0;-930.0;1949.0;67.0;-29.0;199;78;
148131904 ;247;1300.0;71.0;-33.0;-59.0;8309.0;3338.0;-9241.0;-825.0;-1366.0;145;182;
148131905 ;21;-4630.0;-1693.0;-903.0;1320.0;5374.0;-1342.0;63.0;-49.0;-79.0;181;153;
148131906 ;23;-5777.0;-2225.0;-1266.0;1475.0;4434.0;-1758.0;67.0;-45.0;-67.0;100;133;
148131906 ;25;-4550.0;-2328.0;-1112.0;1484.0;2467.0;-1524.0;74.0;-46.0;-62.0;175;101;
148131907 ;27;-2369.0;-2307.0;-1113.0;1529.0;795.0;-1289.0;79.0;-41.0;-57.0;168;153;
148131907 ;29;-610.0;-2463.0;-769.0;1792.0;169.0;-803.0;77.0;-45.0;-55.0;164;24;
148131916 ;34;1081.0;-2396.0;1763.0;2287.0;-225.0;1176.0;76.0;-46.0;-60.0;239;67;
148131918 ;38;-2684.0;-600.0;2807.0;2463.0;546.0;2192.0;78.0;-60.0;-62.0;140;179;
148131923 ;40;-3960.0;169.0;2772.0;1702.0;611.0;2536.0;84.0;-68.0;-58.0;246;3;
148131923 ;42;-6007.0;-626.0;1565.0;1325.0;345.0;2367.0;80.0;-76.0;-58.0;13;71;
148131923 ;44;-641.0;81.0;1339.0;36.0;1016.0;85.0;-81.0;-57.0;8337.0;10;102;
148131934 ;54;-5260.0;1158.0;3473.0;113.0;5193.0;-1937.0;58.0;-94.0;-78.0;251;12;
148131935 ;56;-5591.0;285.0;2062.0;-737.0;2993.0;-2328.0;61.0;-93.0;-77.0;67;160;
148131935 ;56;-5591.0;285.0;2062.0;-737.0;2993.0;-2328.0;61.0;-93.0;-77.0;67;160;
148131940 ;61;-2284.0;-2220.0;-982.0;-429.0;916.0;-2248.0;84.0;-72.0;-58.0;135;94;
148131943 ;65;-3201.0;-2609.0;312.0;-175.0;-1215.0;-906.0;81.0;-67.0;-57.0;99;81;
148131943 ;67;-3749.0;-2741.0;1290.0;-554.0;-2388.0;-686.0;84.0;-60.0;-56.0;14;244;
148131951 ;69;-2217.0;-2188.0;1449.0;-657.0;-2233.0;-317.0;75.0;-57.0;-67.0;4;206;
148131952 ;71;-844.0;-1876.0;2067.0;-614.0;-740.0;290.0;72.0;-56.0;-68.0;105;243;
148131953 ;73;-673.0;-1271.0;2564.0;-467.0;1035.0;672.0;72.0;-56.0;-70.0;2;121;
148131953 ;75;-1139.0;-1050.0;2383.0;-364.0;1569.0;1078.0;72.0;-56.0;-70.0;213;9;
148131959 ;77;-1383.0;-976.0;2405.0;-387.0;928.0;1545.0;76.0;-58.0;-68.0;1;189;
148131960 ;79;-1344.0;-796.0;2279.0;-510.0;310.0;2063.0;81.0;-63.0;-63.0;137;53;
148131960 ;81;-3201.0;-348.0;1833.0;-486.0;818.0;2112.0;77.0;-61.0;-57.0;132;87;
148131968 ;83;-7546.0;-115.0;748.0;-626.0;1323.0;911.0;87.0;-65.0;-63.0;224;121;
148131969 ;85;-11549.0;-443.0;-221.0;-1136.0;663.0;-1.0;89.0;-69.0;-61.0;169;246;
148131969 ;87;-10117.0;-1132.0;-788.0;-851.0;-2257.0;260.0;86.0;-60.0;-54.0;249;117;
148131970 ;89;-7682.0;-858.0;163.0;-894.0;-4485.0;-257.0;82.0;-64.0;-54.0;156;39;
148131970 ;91;-4515.0;-258.0;2736.0;-927.0;-3091.0;-995.0;77.0;-59.0;-71.0;39;43;
148131975 ;93;-4353.0;-1609.0;3277.0;-834.0;381.0;-2232.0;69.0;-57.0;-71.0;55;83;
148131978 ;94;-6023.0;-1325.0;3041.0;-890.0;1376.0;-2724.0;69.0;-57.0;-71.0;157;171;
148131986 ;95;-5468.0;-1869.0;1931.0;-730.0;1321.0;-3068.0;69.0;-51.0;-69.0;104;200;
148131993 ;96;-4821.0;-1833.0;1436.0;-606.0;1411.0;-3438.0;69.0;-51.0;-69.0;136;176;
148132025 ;97;-4457.0;-1972.0;839.0;-630.0;1396.0;-3753.0;68.0;-40.0;-68.0;188;66;
148132026 ;98;-3662.0;-2201.0;346.0;-666.0;1270.0;-3915.0;68.0;-40.0;-68.0;192;204;
148132030 ;99;-2470.0;-2435.0;-280.0;-511.0;975.0;-3871.0;67.0;-35.0;-67.0;179;121;
148132031 ;100;-1301.0;-2286.0;-872.0;-396.0;645.0;-3806.0;67.0;-35.0;-67.0;247;35;
148132039 ;101;-142.0;-2122.0;-1272.0;-215.0;513.0;-3748.0;72.0;-24.0;-66.0;20;22;
148132044 ;102;1200.0;-2158.0;-2463.0;107.0;571.0;-3602.0;72.0;-24.0;-66.0;151;89;
148132078 ;103;2877.0;-2027.0;-3082.0;669.0;495.0;-3125.0;64.0;-22.0;-72.0;252;200;
148132080 ;104;4413.0;-2108.0;-3222.0;1397.0;89.0;-2053.0;64.0;-22.0;-72.0;157;243;
148132081 ;105;6020.0;-2507.0;-2795.0;2047.0;-434.0;-778.0;58.0;-16.0;-70.0;137;193;
148132089 ;106;6538.0;-2968.0;-2311.0;2641.0;-1276.0;323.0;58.0;-16.0;-70.0;2;214;
148132094 ;107;5492.0;-3628.0;188.0;3210.0;-1413.0;881.0;63.0;-9.0;-63.0;19;197;
148132127 ;108;3659.0;-3816.0;3528.0;3819.0;-200.0;1446.0;63.0;-9.0;-63.0;157;167;
148132129 ;109;1301.0;-2835.0;4300.0;4169.0;1858.0;1905.0;57.0;-23.0;-69.0;99;147;
148132130 ;110;69.0;83.0;3787.0;4026.0;2661.0;2202.0;57.0;-23.0;-69.0;190;180;
148132138 ;111;-2540.0;3142.0;7418.0;3304.0;2656.0;2649.0;62.0;-36.0;-74.0;154;130;
148132175 ;112;-4201.0;3370.0;3913.0;2705.0;2171.0;3642.0;62.0;-36.0;-74.0;227;203;
148132176 ;113;-5879.0;2211.0;5025.0;2347.0;-971.0;4327.0;70.0;-44.0;-70.0;26;150;
148132178 ;114;-4749.0;673.0;5250.0;2372.0;-3048.0;4762.0;70.0;-44.0;-70.0;12;242;
148132181 ;115;-2896.0;-125.0;5986.0;2415.0;-4041.0;4612.0;70.0;-58.0;-74.0;177;149;
148132183 ;116;-2298.0;-64.0;7079.0;2541.0;-3074.0;4365.0;70.0;-58.0;-74.0;225;239;
148132215 ;117;-3158.0;60.0;7953.0;2607.0;-727.0;4082.0;64.0;-68.0;-86.0;172;110;
148132218 ;118;-5262.0;-246.0;6563.0;2848.0;1275.0;3908.0;64.0;-68.0;-86.0;227;67;
148132218 ;10;-29833.0;-18714.0;-21250.0;-18158.0;-21237.0;-22772.0;17166.0;-19200.0;-20993.0;255;210;
148132223 ;120;-7530.0;-192.0;2217.0;2575.0;3342.0;3557.0;67.0;-75.0;-83.0;211;141;
148132254 ;121;-7717.0;-681.0;-1661.0;2402.0;2254.0;3519.0;60.0;-92.0;-78.0;204;140;
148132256 ;122;-7940.0;619.0;-2270.0;3153.0;1034.0;3944.0;60.0;-92.0;-78.0;120;238;
148132258 ;123;-6805.0;2358.0;-2678.0;3735.0;-529.0;4933.0;63.0;-105.0;-71.0;41;83;
148132289 ;124;-6228.0;4991.0;-1471.0;4177.0;-2374.0;5011.0;63.0;-105.0;-71.0;74;86;
148132291 ;125;-5351.0;6030.0;-893.0;4089.0;-3519.0;5021.0;66.0;-114.0;-72.0;64;252;
148132293 ;126;-4361.0;5225.0;439.0;4433.0;-4138.0;4443.0;66.0;-114.0;-72.0;219;193;
148132326 ;127;-2799.0;3514.0;2008.0;4890.0;-3562.0;3374.0;51.0;-133.0;-73.0;40;232;
148132328 ;128;-2889.0;3098.0;4758.0;4981.0;-1237.0;2903.0;51.0;-133.0;-73.0;150;110;
148132336 ;129;-3692.0;3242.0;6347.0;4389.0;1010.0;2744.0;39.0;-149.0;-73.0;253;55;
148132376 ;134;-8745.0;1944.0;4936.0;-510.0;1673.0;-26.0;40.0;-166.0;-58.0;24;188;
148132386 ;136;-6924.0;798.0;3737.0;-1871.0;1147.0;-1698.0;39.0;-169.0;-45.0;32;10;
148132424 ;138;-5513.0;91.0;2159.0;-2734.0;632.0;-2976.0;41.0;-165.0;-51.0;75;247;
148132428 ;140;-3589.0;169.0;762.0;-3388.0;-660.0;-4040.0;43.0;-161.0;-55.0;223;47;
148132443 ;142;-107.0;199.0;-890.0;-3836.0;-1547.0;-4722.0;54.0;-148.0;-60.0;87;119;
148132478 ;144;4072.0;-433.0;-2526.0;-4551.0;-12.0;-5070.0;64.0;-138.0;-64.0;194;204;
148132494 ;147;7968.0;-5222.0;-13420.0;-1149.0;-1408.0;-2286.0;68.0;-106.0;-72.0;113;37;
148132503 ;148;9578.0;-4237.0;-10313.0;1693.0;-1780.0;-1093.0;68.0;-106.0;-72.0;43;73;
148132534 ;150;6032.0;-5246.0;-3653.0;4242.0;-1636.0;1476.0;61.0;-101.0;-81.0;5;55;
148132544 ;152;2389.0;-479.0;2288.0;6833.0;2498.0;2511.0;56.0;-96.0;-82.0;41;89;
148132563 ;154;-3979.0;7680.0;3878.0;2964.0;5489.0;2979.0;59.0;-115.0;-81.0;196;72;
148132629 ;158;-18720.0;6310.0;1327.0;4452.0;-40.0;3999.0;62.0;-144.0;-56.0;190;50;
148132634 ;159;-23720.0;8372.0;4927.0;3432.0;1858.0;1059.0;55.0;-153.0;-51.0;56;108;
148132639 ;161;-19015.0;2787.0;11118.0;1334.0;4036.0;-1111.0;55.0;-167.0;-41.0;214;56;
148132672 ;163;-3131.0;-2529.0;-9162.0;895.0;-5898.0;2064.0;63.0;-167.0;-33.0;153;127;
148132675 ;164;-3766.0;498.0;-15083.0;1693.0;-11367.0;882.0;63.0;-167.0;-33.0;207;15;
148132679 ;165;-1414.0;9550.0;-2884.0;2456.0;-9043.0;-3009.0;53.0;-167.0;-39.0;40;178;
148132685 ;166;5256.0;17386.0;5992.0;2172.0;-587.0;-3502.0;53.0;-167.0;-39.0;247;239;
148132708 ;168;-7430.0;-187.0;2891.0;1049.0;12309.0;-5462.0;45.0;-169.0;-47.0;145;179;
148132779 ;171;645.0;-333.0;-2042.0;-849.0;-1322.0;-2905.0;78.0;-160.0;-18.0;187;89;
148132791 ;174;14505.0;-3801.0;-8292.0;198.0;-5224.0;-1014.0;81.0;-149.0;-17.0;68;22;
148132793 ;175;17919.0;-5395.0;-5076.0;1338.0;-4766.0;567.0;82.0;-144.0;-26.0;121;185;
148132796 ;10;19377.0;18945.0;-27913.0;30234.0;-28914.0;8703.0;20238.0;26880.0;-9729.0;255;201;
148132823 ;178;-2644.0;1418.0;9804.0;2350.0;685.0;2019.0;79.0;-151.0;-39.0;221;183;
148132825 ;179;-5205.0;6549.0;8360.0;2543.0;790.0;3137.0;70.0;-158.0;-32.0;205;167;
148132845 ;182;-11569.0;1141.0;3883.0;1117.0;-3920.0;6282.0;65.0;-165.0;-27.0;86;160;
148132863 ;184;-26730.0;9592.0;9212.0;2218.0;5696.0;-988.0;46.0;-174.0;-30.0;83;163;
148132932 ;186;-15101.0;1212.0;3493.0;-2944.0;11027.0;-723.0;38.0;-182.0;-30.0;74;84;
148132933 ;186;-4165.0;-1332.0;-26876.0;3803.0;-3075.0;26896.0;13321.0;20480.0;-4865.0;255;189;
148132936 ;188;-10499.0;6709.0;-15160.0;-518.0;-6156.0;646.0;52.0;-176.0;-20.0;92;134;
148132949 ;192;-6507.0;213.0;2348.0;3414.0;10820.0;-6612.0;49.0;-177.0;-17.0;191;7;
148132988 ;194;5143.0;-1308.0;6474.0;1372.0;783.0;-683.0;58.0;-168.0;-16.0;157;201;
148132990 ;196;20991.0;-8418.0;-5782.0;331.0;-5174.0;1764.0;78.0;-164.0;-2.0;31;103;
148133003 ;198;15984.0;-8363.0;-9685.0;2818.0;-5776.0;4038.0;79.0;-163.0;-5.0;183;105;
148133029 ;199;3801.0;-4872.0;2925.0;5877.0;-6648.0;7009.0;69.0;-171.0;-9.0;56;216;
148133036 ;201;288.0;9841.0;10275.0;3816.0;-6093.0;7883.0;48.0;-180.0;-10.0;96;252;
148133081 ;204;-15106.0;5977.0;5088.0;808.0;-2828.0;4577.0;29.0;-195.0;-11.0;109;111;
148133088 ;205;-20794.0;10937.0;5191.0;663.0;1873.0;2082.0;11.0;-201.0;-3.0;1;103;
148133119 ;208;-12282.0;3625.0;-1946.0;-1059.0;6210.0;-2418.0;5.0;-199.0;-3.0;84;80;
148133121 ;209;-2704.0;5364.0;-3339.0;-1044.0;727.0;2191.0;18.0;-200.0;-4.0;234;10;
148133125 ;210;-5974.0;10035.0;-4735.0;-134.0;-2919.0;4816.0;18.0;-200.0;-4.0;130;62;
148133143 ;212;7567.0;15269.0;1457.0;-1450.0;-2690.0;-2103.0;16.0;-198.0;-6.0;5;143;
148133167 ;213;8142.0;2068.0;4028.0;-1183.0;2446.0;-5683.0;3.0;-197.0;-11.0;173;117;
148133169 ;214;6883.0;1209.0;5040.0;-1562.0;6414.0;-5534.0;3.0;-197.0;-11.0;0;86;
148133184 ;216;17693.0;-7950.0;4326.0;-1521.0;1583.0;-1269.0;23.0;-197.0;-9.0;183;185;
148133230 ;217;24981.0;-12837.0;-6513.0;-1493.0;2293.0;3285.0;33.0;-195.0;-15.0;102;96;
148133234 ;218;11104.0;-5151.0;-8389.0;735.0;3497.0;2966.0;33.0;-195.0;-15.0;250;92;
148133245 ;220;1817.0;-6443.0;-19571.0;1970.0;-3328.0;7385.0;27.0;-195.0;-15.0;9;177;
148133252 ;221;-18018.0;5552.0;32767.0;4568.0;-1437.0;6717.0;16.0;-200.0;-14.0;118;88;
148133252 ;222;-22710.0;9298.0;32767.0;2308.0;980.0;6232.0;16.0;-200.0;-14.0;121;175;
148133253 ;223;-13007.0;8471.0;5563.0;413.0;220.0;4041.0;-5.0;-199.0;-7.0;139;211;
148133254 ;224;-11842.0;17859.0;1773.0;-945.0;-10310.0;11328.0;-5.0;-199.0;-7.0;6;190;
148133276 ;225;-16495.0;9343.0;-562.0;-1336.0;-12062.0;10315.0;-9.0;-203.0;-7.0;210;42;
148133279 ;226;-7439.0;3305.0;6615.0;445.0;-9393.0;6904.0;-9.0;-203.0;-7.0;224;254;
148133284 ;227;-3704.0;3087.0;7992.0;405.0;-10017.0;5542.0;-46.0;-192.0;-8.0;7;33;
148133306 ;228;-4431.0;6774.0;8680.0;-14.0;-8961.0;4648.0;-46.0;-192.0;-8.0;83;181;
148133309 ;229;-2241.0;6678.0;-2589.0;1580.0;-9164.0;3637.0;-62.0;-196.0;-4.0;201;25;
148133316 ;230;-2163.0;11410.0;-6961.0;5085.0;-6523.0;2927.0;-62.0;-196.0;-4.0;209;23;
148133324 ;231;-2976.0;17820.0;-817.0;4427.0;-1615.0;-654.0;-78.0;-190.0;16.0;136;206;
148133333 ;232;7981.0;17674.0;-4432.0;919.0;4244.0;228.0;-78.0;-190.0;16.0;111;245;
148133333 ;233;3501.0;15894.0;1184.0;-2493.0;7860.0;-571.0;-76.0;-188.0;32.0;168;24;
148133384 ;234;4582.0;10550.0;1125.0;-5802.0;9716.0;-1081.0;-76.0;-188.0;32.0;3;203;
148133385 ;235;4143.0;3579.0;-1263.0;-5293.0;8611.0;-2805.0;-82.0;-188.0;14.0;104;194;
148133389 ;236;-99.0;-3668.0;5718.0;1374.0;8869.0;-4405.0;-82.0;-188.0;14.0;156;164;
148133390 ;237;2458.0;-2040.0;872.0;754.0;8798.0;-3507.0;-67.0;-195.0;-3.0;204;126;
148133395 ;238;4147.0;-598.0;1578.0;837.0;8008.0;-2926.0;-67.0;-195.0;-3.0;91;105;
148133404 ;239;8766.0;-591.0;2669.0;88.0;8831.0;-2226.0;-53.0;-191.0;-7.0;222;194;
148133415 ;240;8382.0;-414.0;995.0;26.0;8347.0;-851.0;-53.0;-191.0;-7.0;190;68;
148133424 ;241;6437.0;-1370.0;-4738.0;224.0;9186.0;-630.0;-43.0;-195.0;-11.0;212;156;
148133446 ;242;2973.0;-2777.0;-8344.0;-969.0;6082.0;-100.0;-43.0;-195.0;-11.0;210;180;
148133449 ;243;-1541.0;-3229.0;-9645.0;-664.0;1198.0;-142.0;-35.0;-195.0;-23.0;28;134;
148133458 ;244;-9925.0;-2549.0;5447.0;-1038.0;-956.0;-263.0;-35.0;-195.0;-23.0;179;211;
148133464 ;245;-11181.0;358.0;-1147.0;-1169.0;-2237.0;2411.0;-29.0;-203.0;-23.0;67;195;
148133473 ;246;-7114.0;10754.0;4027.0;-2397.0;-14468.0;7634.0;-29.0;-203.0;-23.0;249;115;
148133494 ;247;-4329.0;22599.0;6233.0;-3454.0;-16257.0;7950.0;-41.0;-191.0;-23.0;21;37;
148133496 ;248;-3316.0;3130.0;1319.0;-1661.0;-13500.0;9027.0;-41.0;-191.0;-23.0;130;44;
148133533 ;249;-11662.0;-536.0;5586.0;-1061.0;-10798.0;6581.0;-79.0;-183.0;-17.0;100;194;
148133534 ;249;-11662.0;-536.0;5586.0;-1061.0;-10798.0;6581.0;-79.0;-183.0;-17.0;100;194;
148133535 ;251;-7899.0;3462.0;974.0;357.0;-8543.0;520.0;-92.0;-174.0;-4.0;109;183;
148133543 ;252;-7024.0;3257.0;-741.0;454.0;-9776.0;-426.0;-92.0;-174.0;-4.0;42;98;
148133544 ;253;-6265.0;2421.0;-2000.0;35.0;-9069.0;-1653.0;-103.0;-175.0;13.0;70;216;
148133553 ;254;-2264.0;1862.0;-3736.0;1041.0;-7169.0;-2770.0;-103.0;-175.0;13.0;252;196;
148133563 ;255;3175.0;2633.0;-207.0;1755.0;-4326.0;-2102.0;-97.0;-179.0;23.0;203;227;
148133585 ;0;7464.0;5160.0;372.0;944.0;-689.0;-763.0;-97.0;-179.0;23.0;34;106;
148133588 ;1;10128.0;7796.0;996.0;464.0;361.0;476.0;-93.0;-177.0;35.0;134;186;
148133595 ;2;11950.0;12294.0;4765.0;-1064.0;2054.0;-381.0;-93.0;-177.0;35.0;98;142;
148133604 ;3;13238.0;11400.0;4127.0;-241.0;6709.0;-2398.0;-94.0;-180.0;32.0;250;66;
148133613 ;4;9649.0;5997.0;3095.0;1685.0;12923.0;-3677.0;-94.0;-180.0;32.0;147;157;
148133631 ;5;6202.0;3227.0;519.0;2271.0;16072.0;-4392.0;-93.0;-181.0;29.0;237;125;
148133634 ;6;2184.0;1970.0;-2447.0;2340.0;17075.0;-4675.0;-93.0;-181.0;29.0;181;231;
148133683 ;7;-1276.0;3079.0;-3877.0;2076.0;15011.0;-4734.0;-82.0;-190.0;12.0;120;240;
148133685 ;8;-3792.0;4207.0;-3808.0;1478.0;11776.0;-4934.0;-82.0;-190.0;12.0;124;22;
148133690 ;9;-6101.0;5254.0;-3483.0;1739.0;9697.0;-5596.0;-65.0;-193.0;-1.0;22;162;
148133691 ;10;-6513.0;6143.0;-4004.0;2035.0;7576.0;-6349.0;-65.0;-193.0;-1.0;206;40;
148133693 ;11;-7716.0;7355.0;-2978.0;1918.0;5133.0;-7513.0;-50.0;-202.0;-4.0;71;207;
148133700 ;12;-8850.0;8476.0;-1825.0;958.0;3141.0;-9226.0;-50.0;-202.0;-4.0;117;173;
148133705 ;13;-9901.0;9463.0;-983.0;-660.0;1728.0;-10252.0;-28.0;-206.0;4.0;181;13;
148133723 ;14;-10934.0;9074.0;-13.0;-1876.0;1808.0;-9535.0;-28.0;-206.0;4.0;76;108;
148133725 ;15;-11066.0;8573.0;547.0;-1054.0;1411.0;-6671.0;-3.0;-203.0;-1.0;255;9;
148133738 ;16;-9515.0;7910.0;1111.0;-1072.0;-770.0;-6227.0;-3.0;-203.0;-1.0;207;53;
148133766 ;19;-1719.0;3059.0;1278.0;-1613.0;-1178.0;-5169.0;39.0;-191.0;-5.0;167;229;
148133793 ;21;-408.0;919.0;95.0;-1660.0;1279.0;-4823.0;54.0;-182.0;-12.0;166;168;
148133798 ;22;-711.0;-371.0;-511.0;-1301.0;2314.0;-5099.0;54.0;-182.0;-12.0;107;23;
148133834 ;23;-1451.0;-1098.0;-632.0;-575.0;3411.0;-5145.0;71.0;-171.0;-13.0;67;37;
148133840 ;25;-2830.0;-1061.0;26.0;990.0;3727.0;-4654.0;81.0;-161.0;-5.0;255;153;
148133841 ;26;-2292.0;-1505.0;44.0;1507.0;3149.0;-4491.0;81.0;-161.0;-5.0;217;203;
148133846 ;27;-1601.0;-1782.0;547.0;2091.0;2328.0;-4310.0;90.0;-144.0;6.0;97;129;
148133866 ;29;74.0;-2079.0;383.0;2904.0;1013.0;-3866.0;101.0;-141.0;13.0;254;66;
148133874 ;30;884.0;-2013.0;93.0;3234.0;662.0;-3548.0;101.0;-141.0;13.0;119;205;
148133890 ;31;1555.0;-1834.0;233.0;3449.0;634.0;-3174.0;102.0;-126.0;18.0;161;139;
148133908 ;33;3017.0;-2256.0;-1445.0;3686.0;768.0;-2086.0;114.0;-122.0;28.0;246;254;
148133914 ;34;4459.0;-2303.0;-1870.0;4090.0;-396.0;-1059.0;114.0;-122.0;28.0;208;128;
148133929 ;35;5174.0;-1681.0;-2214.0;4774.0;-1551.0;-119.0;112.0;-112.0;30.0;151;219;
148133936 ;36;6043.0;-1162.0;-2098.0;5572.0;-2322.0;652.0;112.0;-112.0;30.0;158;112;
148133944 ;37;5018.0;-354.0;-820.0;6311.0;-2461.0;1359.0;111.0;-111.0;29.0;232;170;
148133984 ;38;2653.0;557.0;21.0;6942.0;-1956.0;1707.0;111.0;-111.0;29.0;85;113;
148133990 ;40;-1477.0;2606.0;1149.0;6876.0;-1325.0;3224.0;113.0;-107.0;27.0;199;229;
148133991 ;41;-2733.0;2827.0;923.0;6736.0;-2556.0;4503.0;105.0;-113.0;33.0;115;59;
148133998 ;42;-1801.0;1338.0;2053.0;6951.0;-3855.0;5907.0;105.0;-113.0;33.0;244;60;
148134018 ;44;-6873.0;2330.0;3262.0;7194.0;-2356.0;5881.0;111.0;-121.0;27.0;102;186;
148134024 ;45;-13434.0;5153.0;5850.0;7173.0;-886.0;4931.0;101.0;-137.0;27.0;192;122;
148134033 ;46;-20951.0;6209.0;6832.0;4198.0;2785.0;2223.0;101.0;-137.0;27.0;96;188;
148134053 ;48;-16346.0;-4749.0;-4144.0;2598.0;2405.0;4119.0;98.0;-146.0;38.0;25;207;
148134065 ;49;-12968.0;-1262.0;-9623.0;2907.0;-4794.0;7014.0;90.0;-144.0;48.0;227;183;
148134073 ;50;-15909.0;5388.0;-6308.0;2143.0;-9058.0;4798.0;90.0;-144.0;48.0;6;252;
148134093 ;52;4882.0;20066.0;6467.0;-1241.0;-3823.0;-1168.0;81.0;-159.0;43.0;250;58;
148134135 ;53;-3549.0;-3049.0;6099.0;-1483.0;3639.0;-4687.0;81.0;-163.0;33.0;73;145;
148134143 ;55;-12712.0;5759.0;3082.0;-216.0;3060.0;-8143.0;85.0;-153.0;27.0;63;203;
148134144 ;56;-8208.0;3247.0;1185.0;-1402.0;-653.0;-7685.0;85.0;-153.0;27.0;51;5;
148134145 ;57;-2784.0;2194.0;-1434.0;-2410.0;-2815.0;-7398.0;98.0;-142.0;48.0;244;114;
148134172 ;10;19516.0;12298.0;24830.0;-31760.0;-18955.0;-254.0;27620.0;-30976.0;9727.0;0;167;
148134184 ;61;3356.0;-637.0;-4574.0;-3001.0;633.0;-7608.0;114.0;-106.0;32.0;39;237;
148134206 ;63;4907.0;523.0;-5441.0;-2596.0;-332.0;-7400.0;115.0;-83.0;37.0;31;237;
148134213 ;64;5543.0;2225.0;-7102.0;-2644.0;-2396.0;-6211.0;115.0;-83.0;37.0;40;146;
148134224 ;65;5087.0;2662.0;-5899.0;-2963.0;-3747.0;-6944.0;120.0;-60.0;30.0;118;186;
148134244 ;67;17424.0;-1054.0;-621.0;2809.0;-4779.0;-3513.0;117.0;-41.0;25.0;16;240;
148134253 ;68;22263.0;-1179.0;10044.0;1746.0;-508.0;1302.0;117.0;-41.0;25.0;215;51;
148134288 ;70;3870.0;4092.0;-3073.0;572.0;3009.0;1556.0;116.0;-30.0;10.0;29;7;
148134303 ;71;10864.0;1338.0;-2937.0;570.0;-4094.0;8450.0;116.0;-30.0;16.0;123;235;
148134314 ;73;9189.0;1805.0;2184.0;4032.0;-1333.0;10175.0;118.0;-56.0;6.0;220;14;
148134324 ;75;666.0;4708.0;8487.0;5520.0;2247.0;10071.0;128.0;-84.0;-4.0;231;99;
148134348 ;77;-6360.0;6647.0;9025.0;2074.0;7738.0;9444.0;120.0;-120.0;6.0;129;219;
148134353 ;78;-18778.0;6359.0;-8013.0;5407.0;2677.0;9416.0;120.0;-120.0;6.0;250;120;
148134364 ;79;-29217.0;14396.0;12921.0;-2352.0;8607.0;-182.0;105.0;-135.0;27.0;207;161;
148134373 ;10;-10928.0;10373.0;29509.0;6117.0;1783.0;1573.0;26909.0;30976.0;7167.0;0;247;
148134384 ;81;-32767.0;21616.0;-6214.0;2059.0;-5448.0;10350.0;95.0;-149.0;47.0;164;112;
148134393 ;82;-20145.0;20751.0;-4752.0;4823.0;-10067.0;6109.0;95.0;-149.0;47.0;147;219;
148134404 ;83;3107.0;17687.0;8019.0;-3113.0;-559.0;-1653.0;80.0;-172.0;44.0;101;229;
148134437 ;84;-7375.0;-2942.0;7183.0;687.0;8474.0;-4205.0;80.0;-172.0;44.0;112;244;
148134443 ;86;-3858.0;2115.0;2999.0;815.0;8119.0;-6357.0;78.0;-174.0;42.0;78;20;
148134444 ;87;848.0;254.0;268.0;251.0;5580.0;-2505.0;81.0;-157.0;67.0;222;176;
148134453 ;88;1887.0;-1779.0;2767.0;-87.0;3269.0;246.0;81.0;-157.0;67.0;44;252;
148134473 ;90;6597.0;-4720.0;302.0;-1588.0;1663.0;-6810.0;77.0;-145.0;79.0;173;163;
148134488 ;91;13106.0;-6407.0;-6546.0;-897.0;-196.0;-4836.0;81.0;-147.0;83.0;236;198;
148134506 ;93;4252.0;-9182.0;4417.0;-1138.0;-9807.0;346.0;86.0;-134.0;78.0;14;142;
148134513 ;94;2010.0;1861.0;11545.0;-932.0;-11050.0;2117.0;86.0;-134.0;78.0;103;173;
148134524 ;95;8906.0;561.0;5970.0;-1157.0;-7983.0;2206.0;100.0;-138.0;62.0;245;31;
148134544 ;97;-6768.0;-4832.0;3743.0;-1531.0;-262.0;4736.0;99.0;-143.0;35.0;57;197;
148134588 ;98;-3251.0;-1229.0;1014.0;-1776.0;-1257.0;5710.0;99.0;-143.0;35.0;104;88;
148134590 ;99;-4032.0;395.0;497.0;-1449.0;-203.0;5495.0;94.0;-160.0;34.0;43;101;
148134595 ;101;-26027.0;10058.0;675.0;2549.0;4315.0;-387.0;84.0;-174.0;28.0;185;29;
148134596 ;102;-29604.0;10828.0;-459.0;-2700.0;13156.0;-4800.0;84.0;-174.0;28.0;15;175;
148134604 ;103;-17379.0;3566.0;2125.0;-3421.0;17879.0;-1613.0;78.0;-174.0;42.0;224;10;
148134628 ;105;-7870.0;4850.0;-10358.0;19.0;-6868.0;3117.0;81.0;-169.0;65.0;96;30;
148134633 ;106;-1220.0;14428.0;-12739.0;825.0;-11091.0;564.0;81.0;-169.0;65.0;69;221;
148134644 ;107;12200.0;15280.0;-10328.0;566.0;-7675.0;-1298.0;69.0;-179.0;61.0;171;63;
148134653 ;108;9268.0;-472.0;-2178.0;439.0;-437.0;-5328.0;69.0;-179.0;61.0;115;27;
148134665 ;109;-5109.0;-2400.0;-1100.0;5032.0;7902.0;-4966.0;78.0;-174.0;48.0;223;103;
148134673 ;110;-10277.0;6770.0;1647.0;5248.0;8543.0;-7466.0;78.0;-174.0;48.0;230;68;
148134684 ;111;-3861.0;3016.0;6105.0;2525.0;3607.0;-4552.0;87.0;-155.0;69.0;104;192;
148134704 ;113;5557.0;-373.0;8014.0;1317.0;-2467.0;1532.0;89.0;-143.0;83.0;245;41;
148134739 ;114;6772.0;-2202.0;3571.0;-106.0;-3689.0;-1654.0;89.0;-143.0;83.0;67;161;
148134740 ;115;17944.0;-5752.0;-1825.0;-954.0;-5932.0;-2797.0;87.0;-141.0;75.0;93;177;
148134741 ;115;-652.0;12343.0;-18198.0;-2562.0;28928.0;9955.0;22273.0;29440.0;19455.0;0;171;
148134749 ;117;6340.0;-7308.0;-374.0;436.0;-5298.0;2133.0;98.0;-140.0;70.0;192;130;
148134753 ;118;-827.0;-4159.0;12746.0;1618.0;-5867.0;3414.0;98.0;-140.0;70.0;224;236;
148134770 ;119;-5956.0;456.0;7926.0;1175.0;894.0;2314.0;104.0;-146.0;50.0;88;14;
148134774 ;120;424.0;8793.0;8661.0;-625.0;-290.0;4831.0;104.0;-146.0;50.0;28;32;
148134793 ;122;-2255.0;-3071.0;3078.0;-644.0;-4092.0;9195.0;104.0;-150.0;46.0;77;7;
148134804 ;123;275.0;-508.0;2679.0;-289.0;-3278.0;6697.0;91.0;-167.0;39.0;91;205;
148134813 ;124;-715.0;1539.0;2360.0;600.0;-1141.0;5734.0;91.0;-167.0;39.0;88;42;
148134839 ;126;-22004.0;8339.0;2314.0;1453.0;5854.0;1344.0;80.0;-180.0;34.0;204;166;
148134845 ;127;-27331.0;10881.0;-1620.0;-1197.0;10063.0;-4173.0;63.0;-191.0;37.0;213;59;
148134889 ;129;-8203.0;7368.0;-11878.0;427.0;3546.0;6671.0;65.0;-191.0;53.0;64;188;
148134890 ;130;-13959.0;11620.0;-10942.0;4099.0;-6084.0;8124.0;65.0;-191.0;53.0;94;104;
148134892 ;131;-4006.0;16541.0;-11046.0;2948.0;-9278.0;3846.0;50.0;-196.0;54.0;102;136;
148134908 ;133;4208.0;4247.0;2334.0;108.0;-410.0;-5849.0;46.0;-200.0;52.0;118;184;
148134913 ;134;-8724.0;3126.0;1014.0;5876.0;7641.0;-6995.0;46.0;-200.0;52.0;222;224;
148134924 ;135;-9246.0;6666.0;2442.0;3831.0;4326.0;-8013.0;67.0;-189.0;59.0;115;159;
148134944 ;137;-2926.0;4077.0;3975.0;2769.0;727.0;-3739.0;77.0;-169.0;75.0;195;155;
148134953 ;138;2728.0;1983.0;4479.0;1665.0;-1088.0;-2853.0;77.0;-169.0;75.0;187;233;
148134964 ;139;3559.0;498.0;4254.0;1047.0;-1216.0;-2767.0;80.0;-160.0;80.0;197;197;
148134984 ;141;6055.0;-963.0;3981.0;-467.0;-1513.0;-5583.0;93.0;-153.0;81.0;181;37;
148134995 ;142;9548.0;-3286.0;3021.0;-862.0;-1024.0;-4359.0;93.0;-153.0;81.0;179;243;
148135004 ;143;11337.0;-6898.0;1872.0;-1199.0;-866.0;-1375.0;97.0;-139.0;75.0;25;79;
148135049 ;145;1934.0;-8239.0;7131.0;-1362.0;-2072.0;591.0;106.0;-136.0;74.0;249;93;
148135050 ;146;-663.0;-879.0;1276.0;-846.0;-66.0;12.0;106.0;-136.0;74.0;81;29;
148135056 ;148;-2419.0;6719.0;5379.0;-2442.0;-1544.0;4938.0;107.0;-139.0;69.0;144;138;
148135066 ;149;-1798.0;-2455.0;1825.0;-2482.0;-3429.0;7264.0;108.0;-140.0;64.0;164;14;
148135084 ;151;-1371.0;103.0;2461.0;-1548.0;229.0;5284.0;100.0;-160.0;54.0;240;132;
148135093 ;152;-8677.0;1847.0;-2333.0;-119.0;2920.0;4579.0;100.0;-160.0;54.0;186;120;
148135104 ;153;-20651.0;5575.0;-3119.0;1634.0;4740.0;1662.0;89.0;-173.0;47.0;195;233;
148135124 ;155;-20040.0;5706.0;-577.0;-4180.0;13329.0;-2180.0;84.0;-180.0;60.0;120;144;
148135135 ;156;-12618.0;3276.0;-10046.0;-939.0;3907.0;5348.0;84.0;-180.0;60.0;50;218;
148135144 ;157;-9528.0;7988.0;-11538.0;-45.0;-7894.0;5787.0;71.0;-183.0;75.0;228;98;
148135190 ;159;9146.0;15828.0;-11232.0;2572.0;-8911.0;-2928.0;65.0;-189.0;71.0;29;5;
148135191 ;160;6898.0;4691.0;-3270.0;955.0;221.0;-5104.0;65.0;-189.0;71.0;201;201;
148135193 ;161;-6382.0;-80.0;-3138.0;5560.0;7469.0;-4698.0;77.0;-189.0;59.0;152;96;
148135204 ;163;-8014.0;5137.0;2287.0;3853.0;2768.0;-4432.0;83.0;-165.0;83.0;15;27;
148135213 ;164;-4669.0;4373.0;2167.0;3553.0;202.0;-1446.0;83.0;-165.0;83.0;47;249;
148135224 ;165;-36.0;2951.0;2269.0;2506.0;-2856.0;-968.0;90.0;-148.0;94.0;23;73;
148135244 ;167;4074.0;-160.0;1065.0;1325.0;-2650.0;-1862.0;94.0;-140.0;94.0;4;104;
148135256 ;168;4180.0;-436.0;1420.0;935.0;-2667.0;-3892.0;94.0;-140.0;94.0;48;142;
148135264 ;169;5915.0;-1680.0;919.0;897.0;-1538.0;-3312.0;101.0;-133.0;87.0;188;66;
148135275 ;10;-9046.0;27412.0;-19722.0;23300.0;14851.0;-14592.0;26106.0;31488.0;22527.0;0;128;
148135284 ;171;1383.0;-3117.0;2315.0;801.0;1047.0;-439.0;109.0;-129.0;77.0;217;231;
148135293 ;172;228.0;-4388.0;4199.0;664.0;2190.0;-389.0;109.0;-129.0;77.0;220;30;
148135305 ;173;1824.0;-4887.0;2448.0;211.0;58.0;-22.0;108.0;-120.0;86.0;171;141;
148135343 ;174;1986.0;-3315.0;1896.0;263.0;-2774.0;917.0;108.0;-120.0;86.0;24;210;
148135344 ;175;3555.0;1206.0;6096.0;-89.0;-2886.0;2010.0;105.0;-121.0;89.0;231;157;
148135349 ;177;4224.0;6.0;3684.0;-1158.0;-2211.0;5481.0;109.0;-123.0;73.0;100;110;
148135353 ;178;4410.0;-643.0;4036.0;-1087.0;-3650.0;6683.0;109.0;-123.0;73.0;78;210;
148135364 ;179;5710.0;-459.0;4140.0;-1067.0;-3090.0;7198.0;105.0;-135.0;73.0;197;161;
148135384 ;181;2607.0;853.0;4362.0;-1206.0;-59.0;7940.0;95.0;-159.0;59.0;177;157;
148135398 ;182;-471.0;2022.0;3400.0;-1248.0;1856.0;8439.0;95.0;-159.0;59.0;188;94;
148135415 ;184;-5791.0;4290.0;807.0;-1824.0;2640.0;7836.0;86.0;-180.0;58.0;239;243;
148135424 ;185;-6816.0;5795.0;-444.0;-2468.0;2133.0;6452.0;67.0;-195.0;59.0;217;121;
148135433 ;186;-4588.0;6877.0;-1732.0;-2845.0;1180.0;6439.0;67.0;-195.0;59.0;131;99;
148135453 ;188;-7356.0;17146.0;-6218.0;-1343.0;-1259.0;8446.0;39.0;-211.0;55.0;89;17;
148135493 ;189;-13920.0;25884.0;-6845.0;613.0;-4412.0;10219.0;21.0;-225.0;53.0;140;96;
148135495 ;190;-14508.0;25531.0;-6527.0;-1396.0;-6798.0;9333.0;21.0;-225.0;53.0;102;200;
148135501 ;191;-9183.0;12347.0;-5892.0;-6254.0;-7436.0;7393.0;-7.0;-225.0;47.0;198;32;
148135504 ;193;1615.0;2024.0;-5117.0;-5969.0;-9268.0;266.0;-29.0;-231.0;25.0;122;26;
148135513 ;194;6747.0;-403.0;3135.0;472.0;-4771.0;-3797.0;-29.0;-231.0;25.0;105;89;
148135525 ;195;5113.0;4751.0;3852.0;925.0;-236.0;-4541.0;-31.0;-235.0;17.0;158;160;
148135549 ;225;4107.0;5393.0;-1514.0;-23546.0;5393.0;-3346.0;5375.0;4863.0;-24320.0;32;192;
148135593 ;202;2609.0;1617.0;-7792.0;4122.0;9801.0;-2258.0;4.0;-230.0;38.0;248;134;
148135606 ;203;-1671.0;1832.0;-11951.0;6346.0;6920.0;-4354.0;4.0;-226.0;52.0;254;206;
148135644 ;205;-20093.0;4131.0;-8402.0;-69.0;9217.0;-14295.0;19.0;-217.0;71.0;187;27;
148135645 ;206;-14700.0;8567.0;-5870.0;-2398.0;11216.0;-7786.0;19.0;-217.0;71.0;111;79;
148135650 ;207;-16645.0;9384.0;-6382.0;-1774.0;5027.0;-1995.0;39.0;-201.0;87.0;25;247;
148135655 ;208;-12108.0;4944.0;-5038.0;2323.0;-1433.0;-2498.0;39.0;-201.0;87.0;132;148;
148135676 ;210;-6133.0;4517.0;-1055.0;2713.0;-4805.0;-4951.0;39.0;-193.0;93.0;163;15;
148135684 ;211;-4002.0;4266.0;1008.0;1363.0;-1340.0;-5209.0;51.0;-187.0;95.0;118;236;
148135695 ;212;-2115.0;3401.0;2392.0;-157.0;1573.0;-5223.0;51.0;-187.0;95.0;80;186;
148135713 ;214;-1218.0;664.0;2933.0;590.0;2661.0;-5194.0;71.0;-173.0;93.0;169;21;
148135725 ;215;-243.0;117.0;3157.0;313.0;2739.0;-5273.0;76.0;-158.0;94.0;55;161;
148135733 ;216;1221.0;-288.0;3305.0;90.0;2844.0;-4650.0;76.0;-158.0;94.0;237;49;
148135753 ;218;1395.0;-352.0;3356.0;-354.0;3155.0;-4197.0;78.0;-148.0;104.0;233;55;
148135794 ;219;2311.0;-829.0;3771.0;-657.0;3386.0;-4150.0;81.0;-141.0;109.0;57;69;
148135806 ;223;5218.0;-3866.0;2581.0;-2004.0;1503.0;-986.0;81.0;-127.0;113.0;224;0;
148135818 ;21;-4730.0;378.0;-2037.0;-471.0;-373.0;81.0;-127.0;113.0;8259.0;10;131;
148135835 ;226;3539.0;-5968.0;1854.0;-1367.0;-1745.0;1974.0;78.0;-130.0;120.0;148;244;
148135865 ;229;-689.0;4737.0;5887.0;-952.0;-1391.0;4398.0;83.0;-145.0;107.0;61;79;
148135886 ;231;-6829.0;5096.0;3636.0;-1677.0;-1628.0;9246.0;82.0;-152.0;102.0;240;244;
148135904 ;233;-8121.0;5001.0;718.0;-2624.0;-4875.0;7936.0;63.0;-173.0;105.0;85;251;
148135951 ;236;-24351.0;10260.0;-7009.0;-1181.0;-4571.0;2053.0;47.0;-195.0;87.0;150;36;
148135953 ;237;-24483.0;9891.0;-9934.0;-1174.0;-7000.0;-430.0;47.0;-205.0;71.0;209;129;
148135958 ;238;-14225.0;7215.0;-17702.0;2472.0;-13812.0;1662.0;47.0;-205.0;71.0;225;139;
148135975 ;240;2824.0;15261.0;-20105.0;11997.0;-12728.0;10333.0;58.0;-202.0;68.0;134;14;
148135984 ;241;17854.0;24619.0;-10443.0;279.0;-8778.0;3221.0;44.0;-200.0;64.0;164;198;
148135993 ;242;13214.0;21080.0;2858.0;-6619.0;-2367.0;-1514.0;44.0;-200.0;64.0;65;237;
148136013 ;244;-4528.0;1753.0;2250.0;3452.0;7618.0;-6667.0;42.0;-218.0;60.0;218;12;
148136026 ;245;-10067.0;2708.0;170.0;3372.0;4450.0;-6741.0;56.0;-206.0;58.0;203;77;
148136033 ;246;-5444.0;3777.0;1449.0;2536.0;1408.0;-6289.0;56.0;-206.0;58.0;178;202;
148136053 ;248;462.0;4822.0;3940.0;934.0;-1801.0;-5072.0;66.0;-188.0;70.0;203;123;
148136095 ;249;4066.0;2480.0;4797.0;-136.0;-744.0;-5067.0;83.0;-171.0;75.0;59;33;
148136101 ;251;4153.0;-301.0;1902.0;-245.0;2262.0;-4546.0;89.0;-165.0;77.0;200;246;
148136104 ;252;3765.0;-1498.0;701.0;-602.0;3121.0;-5256.0;89.0;-165.0;77.0;11;75;
148136105 ;185;27661.0;-20747.0;-10504.0;2043.0;8975.0;26349.0;25600.0;20735.0;1024.0;32;57;
148136133 ;0;-8623.0;-4276.0;5543.0;-541.0;3796.0;-3686.0;103.0;-145.0;85.0;199;185;
148136144 ;1;-5320.0;-1827.0;1860.0;-922.0;2485.0;-3273.0;110.0;-130.0;84.0;247;199;
148136153 ;2;-1384.0;-1202.0;2228.0;-1822.0;-2892.0;-3228.0;110.0;-130.0;84.0;219;53;
148136169 ;3;831.0;-2096.0;2419.0;-2345.0;-4181.0;-2919.0;109.0;-127.0;97.0;244;50;
148136204 ;7;3613.0;-2917.0;3226.0;-2510.0;2880.0;-305.0;116.0;-118.0;74.0;24;50;
148136213 ;8;2462.0;-1958.0;2914.0;-2478.0;2531.0;641.0;116.0;-118.0;74.0;150;248;
148136245 ;9;1593.0;-1466.0;2303.0;-2478.0;1243.0;1935.0;115.0;-121.0;83.0;194;252;
148136246 ;146;13829.0;31227.0;-6138.0;-19978.0;-17664.0;29451.0;-30976.0;21503.0;7168.0;32;126;
148136256 ;12;-183.0;-94.0;682.0;-1731.0;-489.0;4828.0;116.0;-132.0;84.0;71;37;
148136264 ;13;-1616.0;870.0;755.0;-1383.0;-168.0;5565.0;110.0;-140.0;76.0;39;63;
148136285 ;15;-9845.0;3343.0;-2422.0;-624.0;990.0;5217.0;98.0;-158.0;76.0;43;127;
148136293 ;16;-18355.0;4742.0;-4868.0;240.0;1281.0;3075.0;98.0;-158.0;76.0;211;3;
148136313 ;18;-24760.0;6618.0;-5028.0;-1248.0;2462.0;-1379.0;91.0;-169.0;75.0;179;15;
148136325 ;19;-13310.0;5051.0;-3009.0;1349.0;-1153.0;4378.0;81.0;-171.0;77.0;237;237;
148136333 ;20;-8177.0;8670.0;-7141.0;1931.0;-5833.0;9615.0;81.0;-171.0;77.0;131;159;
148136353 ;22;7713.0;15610.0;-6844.0;696.0;-6353.0;-1299.0;75.0;-177.0;79.0;125;181;
148136364 ;23;6914.0;6993.0;5118.0;1427.0;3496.0;-4052.0;67.0;-191.0;69.0;12;212;
148136396 ;24;-5546.0;1250.0;-1624.0;4163.0;10307.0;-4039.0;67.0;-191.0;69.0;184;112;
148136402 ;26;-8745.0;3763.0;450.0;3731.0;5440.0;-5176.0;73.0;-175.0;75.0;9;3;
148136413 ;28;-1675.0;1905.0;2096.0;2894.0;1982.0;-2266.0;71.0;-165.0;95.0;159;101;
148136425 ;29;559.0;178.0;3429.0;1985.0;105.0;-1647.0;72.0;-142.0;112.0;128;178;
148136433 ;30;2182.0;-1098.0;2534.0;1454.0;-1316.0;-2757.0;72.0;-142.0;112.0;88;238;
148136446 ;31;3237.0;-1736.0;2746.0;830.0;-1269.0;-3628.0;78.0;-138.0;116.0;50;182;
148136453 ;32;5889.0;-3404.0;3141.0;337.0;-1464.0;-3940.0;78.0;-138.0;116.0;176;46;
148136464 ;33;9613.0;-6358.0;1788.0;-735.0;-2440.0;-2091.0;83.0;-133.0;117.0;170;70;
148136473 ;34;5524.0;-8020.0;-441.0;-1383.0;-4532.0;501.0;83.0;-133.0;117.0;203;235;
148136485 ;35;1140.0;-10064.0;4976.0;-381.0;-4732.0;1951.0;91.0;-125.0;109.0;178;180;
148136493 ;36;-3574.0;-5263.0;1038.0;-1320.0;-2499.0;2633.0;91.0;-125.0;109.0;90;134;
148136504 ;37;-5045.0;1856.0;1370.0;-173.0;-851.0;1040.0;98.0;-134.0;100.0;122;218;
148136548 ;38;-1929.0;7753.0;4777.0;-693.0;164.0;986.0;98.0;-134.0;100.0;233;39;
148136551 ;39;-3388.0;1792.0;324.0;-2112.0;-867.0;4910.0;97.0;-137.0;99.0;30;152;
148136551 ;40;-3106.0;-1091.0;767.0;-1711.0;-1311.0;6094.0;97.0;-137.0;99.0;32;116;
148136556 ;41;-2769.0;-56.0;704.0;-1473.0;-851.0;4589.0;95.0;-149.0;89.0;2;214;
148136558 ;42;-6149.0;1592.0;-2827.0;-1014.0;428.0;3823.0;95.0;-149.0;89.0;47;11;
148136564 ;43;-12985.0;3306.0;-5024.0;477.0;1770.0;2681.0;81.0;-165.0;85.0;252;2;
148136574 ;44;-20884.0;6329.0;-4561.0;528.0;3779.0;-686.0;81.0;-165.0;85.0;144;116;
148136588 ;45;-20261.0;8225.0;-1509.0;-1852.0;6809.0;-2273.0;76.0;-166.0;92.0;190;110;
148136593 ;46;-13750.0;3669.0;-4199.0;-522.0;5903.0;1610.0;76.0;-166.0;92.0;193;67;
148136604 ;47;-9725.0;5500.0;-10648.0;13.0;-2608.0;3936.0;70.0;-162.0;98.0;75;201;
148136613 ;48;-6619.0;10632.0;-13840.0;2985.0;-9021.0;4184.0;70.0;-162.0;98.0;143;49;
148136624 ;49;1731.0;13384.0;-12163.0;3700.0;-12022.0;1896.0;57.0;-173.0;95.0;163;11;
148136633 ;50;8855.0;12125.0;-7427.0;1628.0;-7365.0;-2450.0;57.0;-173.0;95.0;78;16;
148136644 ;51;4916.0;5464.0;457.0;1637.0;2431.0;-4021.0;75.0;-169.0;89.0;3;175;
148136644 ;10;5684.0;-20247.0;29705.0;-16392.0;17167.0;-17894.0;19438.0;22272.0;23039.0;0;217;
148136664 ;53;-9319.0;4827.0;-666.0;4590.0;5041.0;-4848.0;82.0;-158.0;88.0;238;56;
148136698 ;54;-7285.0;4122.0;743.0;3901.0;2820.0;-3669.0;82.0;-158.0;88.0;227;107;
148136699 ;55;-5296.0;3186.0;1259.0;3466.0;755.0;-2266.0;81.0;-147.0;111.0;222;60;
148136700 ;56;-2941.0;2023.0;911.0;2806.0;-1531.0;-2209.0;81.0;-147.0;111.0;218;14;
148136709 ;57;-1975.0;1078.0;313.0;2236.0;-2231.0;-2917.0;85.0;-131.0;117.0;241;111;
148136714 ;58;-1933.0;461.0;-1435.0;2189.0;-2339.0;-3883.0;85.0;-131.0;117.0;111;225;
148136728 ;59;-3572.0;561.0;-376.0;1860.0;-2851.0;-5168.0;89.0;-123.0;117.0;69;173;
148136733 ;60;-6982.0;448.0;-1245.0;1446.0;-2842.0;-6296.0;89.0;-123.0;117.0;9;57;
148136744 ;61;-9933.0;510.0;-1564.0;1252.0;-2066.0;-6748.0;98.0;-102.0;108.0;12;204;
148136754 ;62;-11478.0;1519.0;-2350.0;1161.0;-1800.0;-6926.0;98.0;-102.0;108.0;219;211;
148136764 ;63;-10605.0;2905.0;-2108.0;1214.0;-2227.0;-6782.0;111.0;-89.0;105.0;220;8;
148136773 ;64;-7756.0;3868.0;-1391.0;884.0;-3143.0;-6999.0;111.0;-89.0;105.0;227;105;
148136784 ;160;13569.0;-23566.0;28132.0;-16128.0;26111.0;6400.0;2592.0;-6590.0;4601.0;15;72;
148136804 ;67;1489.0;3580.0;-821.0;-275.0;-3010.0;-6228.0;119.0;-45.0;99.0;111;209;
