148077759 ;1;-132.0;-436.0;350.0;-761.0;2674.0;-1515.0;26.0;-232.0;12.0;27;217;
148077766 ;2;-591.0;-650.0;-1195.0;-334.0;2968.0;-1328.0;-5.0;-83.0;-125.0;226;158;
148077775 ;3;-600.0;-1112.0;-2478.0;184.0;2696.0;-1026.0;-5.0;-83.0;-125.0;40;158;
148077807 ;4;-827.0;-1485.0;-3515.0;1012.0;2133.0;-703.0;8.0;-80.0;-130.0;25;185;
148077811 ;5;-750.0;-1594.0;-3729.0;1973.0;1450.0;-482.0;8.0;-80.0;-130.0;24;90;
148077812 ;6;-689.0;-1304.0;-3323.0;2842.0;809.0;-272.0;16.0;-82.0;-124.0;213;117;
148077821 ;7;-534.0;-830.0;-533.0;3565.0;430.0;-236.0;16.0;-82.0;-124.0;186;140;
148077828 ;8;-201.0;-310.0;3244.0;3813.0;406.0;-105.0;17.0;-91.0;-123.0;65;91;
148077834 ;9;-300.0;589.0;4586.0;3864.0;359.0;59.0;17.0;-91.0;-123.0;82;198;
148077868 ;10;-787.0;1573.0;4746.0;3759.0;-19.0;192.0;12.0;-100.0;-126.0;117;235;
148077871 ;11;-1750.0;3053.0;6480.0;3399.0;-443.0;275.0;12.0;-100.0;-126.0;140;172;
148077878 ;12;-2399.0;2579.0;6338.0;2783.0;-905.0;584.0;19.0;-111.0;-121.0;147;163;
148077879 ;13;-1903.0;1626.0;6470.0;2769.0;-1447.0;1261.0;19.0;-111.0;-121.0;199;217;
148077886 ;14;-892.0;1149.0;7262.0;2237.0;-2055.0;1517.0;18.0;-124.0;-120.0;118;42;
148077895 ;15;-198.0;121.0;8351.0;1609.0;-2152.0;1498.0;18.0;-124.0;-120.0;131;199;
148077960 ;16;-447.0;-787.0;9966.0;1275.0;-1329.0;1260.0;10.0;-128.0;-114.0;68;122;
148077973 ;17;-1475.0;-991.0;10537.0;997.0;-297.0;834.0;10.0;-128.0;-114.0;249;171;
148077976 ;18;-2030.0;-1532.0;9641.0;184.0;1202.0;704.0;1.0;-143.0;-117.0;61;151;
148077977 ;19;-2569.0;-2301.0;5958.0;-438.0;1439.0;873.0;1.0;-143.0;-117.0;211;33;
148077983 ;20;-3781.0;-3099.0;2806.0;-796.0;751.0;553.0;6.0;-144.0;-110.0;68;36;
148077984 ;21;-6179.0;-2284.0;2258.0;-588.0;-293.0;7.0;6.0;-144.0;-110.0;127;179;
148077986 ;22;-7174.0;-116.0;2859.0;229.0;-388.0;-806.0;6.0;-136.0;-110.0;33;219;
148077991 ;23;-5672.0;3068.0;5309.0;48.0;-976.0;-512.0;6.0;-136.0;-110.0;66;188;
148077992 ;24;-3828.0;3105.0;6474.0;-851.0;-1121.0;-499.0;3.0;-141.0;-121.0;24;128;
148077999 ;25;-3377.0;1130.0;7757.0;-1547.0;-414.0;-886.0;3.0;-141.0;-121.0;172;34;
148078006 ;26;-3681.0;-581.0;7196.0;-2146.0;253.0;-1236.0;-1.0;-133.0;-115.0;129;173;
148078038 ;27;-3583.0;-380.0;6428.0;-2457.0;199.0;-1107.0;-1.0;-133.0;-115.0;191;75;
148078041 ;28;-3405.0;-262.0;5139.0;-2926.0;-179.0;-1245.0;5.0;-131.0;-119.0;3;137;
148078042 ;29;-3198.0;-605.0;3683.0;-3292.0;-300.0;-1441.0;5.0;-131.0;-119.0;24;220;
148078047 ;30;-2993.0;-954.0;2127.0;-3403.0;-389.0;-1569.0;1.0;-119.0;-119.0;45;151;
148078054 ;31;-2418.0;-1195.0;691.0;-3327.0;-665.0;-1628.0;1.0;-119.0;-119.0;216;102;
148078111 ;32;-1813.0;-1111.0;-332.0;-3036.0;-926.0;-1646.0;3.0;-107.0;-123.0;159;55;
148078114 ;33;-951.0;-1091.0;-1645.0;-2685.0;-950.0;-1505.0;3.0;-107.0;-123.0;198;164;
148078123 ;34;-661.0;-1434.0;-3324.0;-1946.0;-820.0;-1450.0;-3.0;-97.0;-123.0;159;239;
148078126 ;35;-581.0;-1871.0;-4103.0;-768.0;-628.0;-1477.0;-3.0;-97.0;-123.0;111;69;
148078128 ;36;-330.0;-2041.0;-3432.0;526.0;-533.0;-1316.0;-2.0;-88.0;-126.0;126;196;
148078129 ;37;-840.0;-1580.0;-541.0;1316.0;-522.0;-1298.0;-2.0;-88.0;-126.0;217;109;
148078513 ;38;125.0;-1402.0;2042.0;1813.0;-525.0;-1341.0;-3.0;-87.0;-129.0;65;1;
148078516 ;40;444.0;2172.0;4318.0;2312.0;-982.0;-994.0;-6.0;-98.0;-128.0;7;43;
148078517 ;42;925.0;1113.0;4347.0;1904.0;-512.0;214.0;-7.0;-99.0;-127.0;231;109;
148078526 ;44;-2105.0;-1290.0;6717.0;2662.0;-1349.0;356.0;-8.0;-106.0;-132.0;44;184;
148078528 ;46;-508.0;1081.0;8134.0;2101.0;-1633.0;1080.0;-16.0;-116.0;-126.0;136;124;
148078562 ;47;-388.0;1768.0;10206.0;1547.0;-1212.0;819.0;-16.0;-116.0;-126.0;213;19;
148078563 ;49;-1785.0;-275.0;12572.0;130.0;377.0;383.0;-21.0;-127.0;-123.0;44;79;
148078566 ;51;-2442.0;-3561.0;6177.0;-2063.0;1630.0;29.0;-25.0;-125.0;-119.0;100;20;
148078566 ;52;-1621.0;-4998.0;-41.0;-1879.0;884.0;420.0;-19.0;-125.0;-121.0;126;103;
148078571 ;54;-5159.0;-1268.0;162.0;737.0;-496.0;-345.0;-18.0;-118.0;-120.0;49;60;
148078571 ;56;-2330.0;5997.0;5958.0;-1234.0;-990.0;-545.0;-15.0;-113.0;-119.0;72;8;
148078572 ;57;-2938.0;2771.0;6885.0;-3067.0;-772.0;-1030.0;-15.0;-113.0;-119.0;165;191;
148078572 ;58;-2920.0;-209.0;5193.0;-3297.0;-1226.0;-851.0;-20.0;-116.0;-122.0;248;152;
148078573 ;60;-153.0;-1006.0;3224.0;-3638.0;-2103.0;-508.0;-24.0;-104.0;-130.0;246;250;
148078573 ;61;429.0;-1510.0;1472.0;-3830.0;-1068.0;-522.0;-24.0;-104.0;-130.0;209;176;
148078574 ;63;52.0;-2948.0;-1285.0;-3364.0;542.0;-477.0;-26.0;-98.0;-130.0;61;190;
148078578 ;65;599.0;-4183.0;-2341.0;-1664.0;655.0;-360.0;-34.0;-80.0;-126.0;218;212;
148078579 ;66;846.0;-4890.0;-1451.0;-733.0;358.0;-130.0;-35.0;-71.0;-125.0;54;160;
148078579 ;68;426.0;-6587.0;4926.0;1291.0;613.0;-627.0;-30.0;-70.0;-130.0;192;139;
148078580 ;70;-94.0;-3047.0;9074.0;2103.0;1883.0;-1306.0;-29.0;-73.0;-129.0;117;38;
148078580 ;72;-735.0;476.0;12895.0;774.0;1887.0;-740.0;-21.0;-79.0;-133.0;48;108;
148078581 ;74;483.0;-828.0;12457.0;-507.0;3745.0;61.0;-16.0;-82.0;-132.0;134;151;
148078587 ;76;1656.0;-2256.0;8777.0;-1701.0;7032.0;63.0;-4.0;-76.0;-132.0;213;129;
148078588 ;77;134.0;-2557.0;4838.0;-2353.0;7143.0;-98.0;-4.0;-76.0;-132.0;48;143;
148078588 ;79;-4473.0;-3599.0;-4273.0;-1235.0;6361.0;-33.0;12.0;-76.0;-128.0;47;163;
148078588 ;81;-9329.0;-325.0;-8010.0;1075.0;165.0;-1481.0;32.0;-70.0;-118.0;163;115;
148078589 ;82;-12656.0;1787.0;-3146.0;1275.0;-3226.0;-3267.0;43.0;-69.0;-115.0;125;39;
148078589 ;83;-12203.0;4142.0;-458.0;-615.0;-4869.0;-3242.0;43.0;-69.0;-115.0;75;193;
148078594 ;84;-9370.0;3407.0;-2124.0;293.0;-7071.0;-1982.0;41.0;-67.0;-117.0;218;198;
148078597 ;85;-4822.0;2176.0;-2527.0;26.0;-8979.0;-2502.0;41.0;-67.0;-117.0;183;31;
148078606 ;86;165.0;664.0;-1341.0;-362.0;-8792.0;-2349.0;19.0;-61.0;-121.0;185;21;
148078615 ;87;4105.0;-372.0;-1743.0;-658.0;-8165.0;-1429.0;19.0;-61.0;-121.0;116;112;
148078653 ;88;6081.0;-1535.0;-2008.0;-1299.0;-7871.0;-811.0;-5.0;-63.0;-119.0;145;93;
148078656 ;89;6683.0;-2622.0;-1275.0;-1194.0;-6186.0;-1124.0;-5.0;-63.0;-119.0;86;12;
148078657 ;90;6289.0;-2920.0;954.0;-488.0;-4363.0;-882.0;-30.0;-58.0;-128.0;30;248;
148078664 ;91;5517.0;-2834.0;2378.0;-433.0;-3363.0;-558.0;-30.0;-58.0;-128.0;108;90;
148078666 ;92;4651.0;-2707.0;2704.0;-589.0;-1812.0;-183.0;-42.0;-54.0;-128.0;184;194;
148078674 ;93;3217.0;-2405.0;2214.0;-472.0;-545.0;40.0;-42.0;-54.0;-128.0;170;150;
148078713 ;94;2636.0;-2301.0;1555.0;-13.0;618.0;128.0;-53.0;-61.0;-123.0;223;69;
148078714 ;95;895.0;-1316.0;2829.0;597.0;1881.0;-109.0;-53.0;-61.0;-123.0;82;62;
148078718 ;96;-36.0;2197.0;4079.0;1179.0;2714.0;-1305.0;-52.0;-64.0;-122.0;51;115;
148078719 ;97;-285.0;1080.0;3320.0;536.0;2253.0;-69.0;-52.0;-64.0;-122.0;100;112;
148078726 ;98;-2257.0;-678.0;2022.0;1678.0;826.0;1026.0;-46.0;-62.0;-126.0;224;12;
148078734 ;99;-1666.0;-239.0;3146.0;2059.0;10.0;1058.0;-46.0;-62.0;-126.0;192;36;
148078768 ;100;467.0;142.0;2933.0;2314.0;1247.0;904.0;-43.0;-69.0;-129.0;253;209;
148078771 ;101;1961.0;-793.0;3105.0;2178.0;2568.0;1162.0;-43.0;-69.0;-129.0;133;63;
148078772 ;102;2377.0;-1778.0;3281.0;2667.0;3395.0;1415.0;-43.0;-71.0;-123.0;39;157;
148078776 ;103;2068.0;-1660.0;4005.0;2982.0;3618.0;1793.0;-43.0;-71.0;-123.0;215;23;
148078808 ;104;940.0;-1264.0;5407.0;2671.0;3108.0;2119.0;-33.0;-75.0;-127.0;138;26;
148078811 ;105;-816.0;-1016.0;6302.0;2165.0;2300.0;2157.0;-33.0;-75.0;-127.0;33;229;
148078817 ;106;-2421.0;-710.0;5560.0;1768.0;1267.0;1947.0;-24.0;-84.0;-128.0;177;233;
148078818 ;107;-5330.0;-1037.0;5166.0;1274.0;40.0;1479.0;-24.0;-84.0;-128.0;225;153;
148078826 ;108;-4163.0;-2423.0;3793.0;1095.0;-22.0;1154.0;-15.0;-93.0;-125.0;110;74;
148078865 ;109;-3709.0;-2962.0;2630.0;969.0;-1977.0;1252.0;-15.0;-93.0;-125.0;196;88;
148078866 ;110;-4553.0;-2073.0;3815.0;1269.0;-3042.0;606.0;-19.0;-99.0;-123.0;7;41;
148078867 ;111;-5105.0;326.0;4202.0;1365.0;-3193.0;-23.0;-19.0;-99.0;-123.0;29;163;
148078876 ;112;-3743.0;1954.0;4478.0;1003.0;-2564.0;-414.0;-26.0;-96.0;-126.0;104;70;
148078878 ;113;-2310.0;3863.0;8301.0;-245.0;-2150.0;-412.0;-26.0;-96.0;-126.0;64;58;
148078886 ;114;-1020.0;2024.0;8219.0;-1488.0;-2558.0;-363.0;-33.0;-105.0;-125.0;113;21;
148078917 ;115;-634.0;92.0;7468.0;-2101.0;-2946.0;-348.0;-33.0;-105.0;-125.0;145;151;
148078919 ;116;1167.0;-1007.0;5797.0;-2573.0;-2787.0;-296.0;-50.0;-100.0;-120.0;184;102;
148078921 ;117;2123.0;-1857.0;4065.0;-2969.0;-2118.0;-56.0;-50.0;-100.0;-120.0;91;121;
148078929 ;118;2858.0;-2898.0;2501.0;-3277.0;-1314.0;-13.0;-50.0;-94.0;-116.0;46;28;
148078934 ;119;2573.0;-3663.0;1076.0;-3242.0;-176.0;102.0;-50.0;-94.0;-116.0;137;89;
148078966 ;120;2213.0;-3892.0;-232.0;-2844.0;1127.0;229.0;-58.0;-86.0;-122.0;61;167;
148078968 ;121;1426.0;-3863.0;-258.0;-2336.0;2023.0;262.0;-58.0;-86.0;-122.0;205;57;
148078969 ;122;464.0;-3910.0;391.0;-1776.0;2578.0;119.0;-57.0;-79.0;-119.0;65;203;
148078974 ;123;-768.0;-4000.0;1102.0;-1173.0;2843.0;-19.0;-57.0;-79.0;-119.0;186;228;
148079014 ;124;-1218.0;-4641.0;1451.0;-843.0;2706.0;-289.0;-46.0;-70.0;-126.0;144;234;
148079016 ;125;-1078.0;-5002.0;417.0;-322.0;2116.0;-175.0;-46.0;-70.0;-126.0;211;235;
148079017 ;126;-1450.0;-4732.0;381.0;366.0;1354.0;-12.0;-37.0;-65.0;-125.0;178;222;
148079022 ;127;-1257.0;-3985.0;1267.0;1104.0;1137.0;-166.0;-37.0;-65.0;-125.0;77;77;
148079027 ;128;-976.0;-1002.0;3640.0;1689.0;1643.0;-323.0;-31.0;-67.0;-129.0;19;215;
148079034 ;129;1488.0;3875.0;5209.0;1126.0;1591.0;-914.0;-31.0;-67.0;-129.0;74;2;
148079065 ;130;-764.0;973.0;3249.0;894.0;2146.0;1025.0;-29.0;-75.0;-131.0;60;228;
148079067 ;131;-3387.0;-1714.0;5205.0;2449.0;2636.0;189.0;-29.0;-75.0;-131.0;211;223;
148079068 ;132;-4538.0;-2419.0;5008.0;2933.0;2064.0;357.0;-21.0;-77.0;-129.0;32;36;
148079074 ;133;-4072.0;-658.0;5903.0;3000.0;1039.0;748.0;-21.0;-77.0;-129.0;38;66;
148079104 ;134;-3062.0;663.0;8440.0;2584.0;20.0;884.0;-14.0;-76.0;-128.0;47;87;
148079107 ;135;-3002.0;1278.0;9092.0;1602.0;-963.0;635.0;-14.0;-76.0;-128.0;181;135;
148079108 ;136;-1259.0;1051.0;11158.0;447.0;-1171.0;340.0;-12.0;-94.0;-126.0;52;184;
148079114 ;137;-756.0;-799.0;9509.0;-510.0;-1379.0;524.0;-12.0;-94.0;-126.0;157;241;
148079166 ;138;-594.0;-1978.0;8215.0;-1126.0;-1584.0;287.0;-17.0;-93.0;-123.0;102;26;
148079168 ;139;-453.0;-3602.0;4302.0;-1683.0;-1344.0;88.0;-17.0;-93.0;-123.0;55;101;
148079174 ;140;-597.0;-4673.0;-211.0;-1489.0;-1318.0;-83.0;-22.0;-94.0;-128.0;232;224;
148079181 ;141;-3390.0;-1334.0;1933.0;581.0;-735.0;-1346.0;-31.0;-89.0;-125.0;233;200;
148079196 ;10;26098.0;-5125.0;-18422.0;-13036.0;-22025.0;15353.0;-7941.0;-22785.0;-32001.0;255;245;
148079228 ;146;-164.0;1395.0;5192.0;-2949.0;-2080.0;-1134.0;-32.0;-86.0;-126.0;199;247;
148079229 ;147;797.0;321.0;3991.0;-3394.0;-2103.0;-1195.0;-32.0;-86.0;-126.0;142;148;
148079231 ;148;2101.0;-140.0;2970.0;-3773.0;-2039.0;-1049.0;-38.0;-78.0;-130.0;49;47;
148079238 ;149;3099.0;-961.0;1339.0;-4243.0;-1948.0;-745.0;-38.0;-78.0;-130.0;52;72;
148079246 ;150;3457.0;-1812.0;-711.0;-4489.0;-1394.0;-370.0;-45.0;-67.0;-123.0;243;105;
148079254 ;151;3252.0;-2589.0;-2155.0;-4232.0;-179.0;-134.0;-45.0;-67.0;-123.0;35;197;
148079326 ;156;873.0;-8182.0;-2720.0;-208.0;1516.0;491.0;-40.0;-32.0;-128.0;178;40;
148079332 ;158;-1559.0;-5149.0;3171.0;2611.0;441.0;792.0;-28.0;-34.0;-122.0;62;26;
148079336 ;159;-1831.0;5695.0;7161.0;2595.0;-444.0;-552.0;-28.0;-34.0;-122.0;140;170;
148079366 ;161;-3167.0;-2942.0;4495.0;2782.0;-1265.0;2574.0;-33.0;-39.0;-125.0;183;111;
148079369 ;162;-946.0;-2839.0;2995.0;3010.0;508.0;1572.0;-38.0;-44.0;-126.0;210;250;
148079404 ;165;-663.0;-869.0;10306.0;2652.0;1749.0;2188.0;-31.0;-53.0;-125.0;55;65;
148079417 ;167;-1460.0;-954.0;12361.0;1280.0;2581.0;1626.0;-23.0;-63.0;-129.0;124;22;
148079426 ;168;-1957.0;-1873.0;9840.0;233.0;2604.0;1237.0;-23.0;-67.0;-129.0;124;234;
148079434 ;169;-1166.0;-4011.0;4900.0;-505.0;2932.0;1257.0;-23.0;-67.0;-129.0;79;39;
148079467 ;170;-757.0;-5111.0;-1687.0;-113.0;1271.0;1547.0;-8.0;-72.0;-136.0;242;74;
148079471 ;171;-4985.0;-3913.0;-1933.0;1167.0;-1066.0;1022.0;-8.0;-72.0;-136.0;228;186;
148079477 ;173;-7883.0;4427.0;4370.0;627.0;631.0;-544.0;-9.0;-67.0;-127.0;105;39;
148079503 ;174;-6327.0;5872.0;7674.0;-311.0;-606.0;-702.0;-4.0;-72.0;-130.0;249;57;
148079506 ;175;-4578.0;3478.0;9086.0;-2187.0;-815.0;-1173.0;-4.0;-72.0;-130.0;247;73;
148079514 ;177;-810.0;-1880.0;3556.0;-3428.0;-2938.0;-560.0;-7.0;-73.0;-125.0;67;11;
148079541 ;178;1069.0;-2446.0;2024.0;-3754.0;-3125.0;-362.0;-13.0;-67.0;-127.0;43;29;
148079548 ;179;2235.0;-2878.0;848.0;-3931.0;-2268.0;-75.0;-13.0;-67.0;-127.0;59;179;
148079549 ;180;2438.0;-3256.0;-390.0;-4131.0;-821.0;105.0;-18.0;-58.0;-124.0;81;17;
148079557 ;181;2588.0;-3911.0;-1767.0;-3782.0;546.0;108.0;-18.0;-58.0;-124.0;176;244;
148079566 ;182;1611.0;-4070.0;-2099.0;-2934.0;1804.0;-88.0;-26.0;-44.0;-122.0;116;104;
148079576 ;183;957.0;-4285.0;-2276.0;-2073.0;2343.0;-212.0;-26.0;-44.0;-122.0;92;194;
148079586 ;184;-70.0;-4587.0;-2506.0;-1513.0;2017.0;-75.0;-15.0;-31.0;-121.0;205;197;
148079618 ;185;-1160.0;-5624.0;-2171.0;-992.0;1203.0;-168.0;-15.0;-31.0;-121.0;68;36;
148079619 ;186;-628.0;-6857.0;-1681.0;-222.0;-71.0;25.0;-9.0;-23.0;-115.0;77;75;
148079627 ;187;318.0;-6417.0;-659.0;817.0;-1516.0;395.0;-9.0;-23.0;-115.0;155;13;
148079628 ;188;1251.0;-3483.0;2683.0;1388.0;-1327.0;482.0;-13.0;-29.0;-121.0;34;94;
148079659 ;190;3153.0;1967.0;272.0;-79.0;1082.0;2860.0;-16.0;-30.0;-122.0;134;76;
148079662 ;191;-1769.0;-4904.0;4524.0;2251.0;1501.0;1407.0;-16.0;-30.0;-122.0;8;248;
148079666 ;192;-5115.0;-6129.0;872.0;2470.0;1975.0;1775.0;-13.0;-29.0;-125.0;245;21;
148079691 ;193;-3639.0;-1729.0;165.0;2874.0;1540.0;2453.0;-13.0;-29.0;-125.0;197;115;
148079693 ;194;-2228.0;-545.0;1522.0;3694.0;1934.0;2542.0;-3.0;-39.0;-123.0;98;214;
148079699 ;195;-2172.0;-717.0;3630.0;4057.0;2909.0;2354.0;-3.0;-39.0;-123.0;183;145;
148079704 ;196;-2499.0;-293.0;6991.0;3950.0;3931.0;2412.0;5.0;-51.0;-127.0;17;77;
148079714 ;197;-4903.0;855.0;10728.0;3024.0;4077.0;2382.0;5.0;-51.0;-127.0;158;120;
148079771 ;199;-4451.0;95.0;11111.0;459.0;3652.0;1826.0;14.0;-66.0;-124.0;2;28;
148079773 ;200;-3252.0;-2777.0;7887.0;-604.0;2630.0;1900.0;31.0;-73.0;-121.0;249;15;
148079774 ;201;-650.0;-5135.0;-124.0;-465.0;1279.0;2240.0;31.0;-73.0;-121.0;24;196;
148079778 ;202;-3440.0;-5155.0;-3479.0;-268.0;-2622.0;1854.0;40.0;-74.0;-120.0;235;61;
148079779 ;203;-9404.0;-3989.0;473.0;1114.0;-1540.0;-47.0;40.0;-74.0;-120.0;208;94;
148079786 ;204;-11055.0;-399.0;3383.0;1233.0;59.0;-1461.0;35.0;-71.0;-121.0;4;20;
148079794 ;205;-6927.0;2367.0;4265.0;262.0;-2978.0;-786.0;35.0;-71.0;-121.0;113;223;
148079820 ;206;-1758.0;2158.0;5841.0;-320.0;-3868.0;-237.0;32.0;-74.0;-124.0;108;74;
148079822 ;207;1646.0;678.0;7594.0;-1262.0;-3053.0;577.0;32.0;-74.0;-124.0;139;193;
148079848 ;209;1694.0;-1844.0;4599.0;-2406.0;1888.0;225.0;20.0;-74.0;-126.0;141;123;
148079851 ;210;329.0;-1752.0;2104.0;-2253.0;3274.0;127.0;16.0;-66.0;-122.0;120;4;
148079866 ;212;-1373.0;-2929.0;-1813.0;-2896.0;2997.0;486.0;24.0;-66.0;-128.0;160;244;
148079874 ;255;-2000.0;-3820.0;-3862.0;-2273.0;2198.0;498.0;24.0;-66.0;-128.0;1;65;
148079920 ;214;-2085.0;-4737.0;-4894.0;-1243.0;1239.0;512.0;40.0;-50.0;-118.0;135;47;
148079926 ;215;-1624.0;-5213.0;-4374.0;-111.0;367.0;703.0;40.0;-50.0;-118.0;71;49;
148079927 ;216;-338.0;-4992.0;-2646.0;861.0;-803.0;1030.0;43.0;-47.0;-115.0;131;155;
148079928 ;217;-515.0;-4232.0;81.0;1366.0;-1674.0;1110.0;43.0;-47.0;-115.0;96;204;
148079933 ;218;647.0;-3799.0;2766.0;1489.0;-1580.0;1097.0;37.0;-57.0;-119.0;226;182;
148079936 ;219;2285.0;-3002.0;2690.0;1498.0;-1378.0;1766.0;37.0;-57.0;-119.0;150;30;
148079957 ;220;1662.0;-1584.0;3809.0;1839.0;-214.0;2052.0;36.0;-58.0;-122.0;27;221;
148079959 ;221;415.0;1624.0;5355.0;1995.0;2152.0;1444.0;36.0;-58.0;-122.0;93;161;
148079966 ;222;-157.0;4901.0;7141.0;1002.0;3639.0;1060.0;36.0;-70.0;-118.0;98;68;
148079987 ;223;-5536.0;1425.0;5384.0;915.0;4983.0;2134.0;36.0;-70.0;-118.0;234;72;
148079989 ;224;-9378.0;-1201.0;7153.0;1606.0;5133.0;1519.0;46.0;-70.0;-118.0;106;188;
148079996 ;225;-10594.0;-1575.0;6864.0;1276.0;4166.0;1599.0;46.0;-70.0;-118.0;70;224;
148080016 ;226;-10665.0;-188.0;7806.0;626.0;3900.0;1566.0;61.0;-83.0;-107.0;120;204;
148080018 ;227;-10358.0;815.0;8847.0;-98.0;4522.0;836.0;61.0;-83.0;-107.0;109;141;
148080071 ;228;-9203.0;1295.0;9283.0;-1065.0;5102.0;149.0;71.0;-87.0;-101.0;99;67;
148080073 ;229;-4487.0;268.0;6894.0;-2052.0;5528.0;95.0;71.0;-87.0;-101.0;19;13;
148080074 ;230;-795.0;-1772.0;1557.0;-2372.0;4213.0;1031.0;82.0;-78.0;-90.0;3;65;
148080083 ;231;-1497.0;-2151.0;-5522.0;-2059.0;1428.0;939.0;82.0;-78.0;-90.0;245;135;
148080086 ;232;-5821.0;-2039.0;-6192.0;-1098.0;735.0;-418.0;93.0;-18510.0;-19969.0;255;136;
148080089 ;233;-8523.0;-1978.0;-3768.0;683.0;969.0;-1384.0;93.0;-73.0;-79.0;235;245;
148080091 ;234;-10579.0;24.0;78.0;701.0;-1138.0;-2204.0;96.0;-76.0;-80.0;98;208;
148080100 ;235;-10723.0;345.0;1364.0;-318.0;-4365.0;-2566.0;96.0;-76.0;-80.0;13;73;
148080106 ;236;-9161.0;-915.0;359.0;-863.0;-6516.0;-2406.0;95.0;-77.0;-83.0;86;192;
148080124 ;237;-6880.0;-1859.0;432.0;-959.0;-8293.0;-2380.0;95.0;-77.0;-83.0;160;12;
148080127 ;238;-3964.0;-2622.0;-27.0;-1226.0;-8766.0;-2557.0;81.0;-71.0;-99.0;149;207;
148080134 ;239;-74.0;-2861.0;-372.0;-1215.0;-8492.0;-2457.0;81.0;-71.0;-99.0;15;141;
148080153 ;240;3151.0;-2729.0;-217.0;-1318.0;-7024.0;-1793.0;57.0;-53.0;-113.0;183;205;
148080156 ;241;5533.0;-2516.0;-1018.0;-1301.0;-4533.0;-1015.0;57.0;-53.0;-113.0;165;79;
148080173 ;242;6823.0;-2775.0;-2506.0;-1017.0;-2060.0;-605.0;32.0;-50.0;-120.0;41;185;
148080176 ;243;6815.0;-3491.0;-4269.0;-220.0;63.0;-548.0;32.0;-50.0;-120.0;22;236;
148080221 ;244;4980.0;-3951.0;-4282.0;1198.0;2665.0;-469.0;25.0;-49.0;-121.0;22;60;
148080223 ;245;2968.0;-4068.0;-2048.0;2426.0;4477.0;-241.0;25.0;-49.0;-121.0;82;230;
148080224 ;246;511.0;-3607.0;1803.0;3387.0;4726.0;-101.0;31.0;-47.0;-117.0;239;69;
148080224 ;247;-1629.0;-1570.0;5177.0;2875.0;3622.0;88.0;31.0;-47.0;-117.0;44;136;
148080229 ;248;-829.0;-465.0;2183.0;2001.0;2557.0;1374.0;45.0;-57.0;-117.0;91;171;
148080234 ;249;298.0;-1045.0;-77.0;1747.0;1760.0;2634.0;45.0;-57.0;-117.0;118;182;
148080251 ;250;630.0;-1960.0;786.0;2419.0;1251.0;2688.0;50.0;-64.0;-112.0;110;96;
148080258 ;251;-53.0;-1791.0;2337.0;2821.0;738.0;2630.0;50.0;-64.0;-112.0;215;245;
148080266 ;252;-1833.0;-770.0;3339.0;2507.0;435.0;2917.0;55.0;-77.0;-115.0;116;234;
148080274 ;253;-5134.0;100.0;4419.0;1966.0;417.0;2888.0;55.0;-77.0;-115.0;219;187;
148080294 ;255;-12535.0;578.0;6507.0;1764.0;794.0;907.0;55.0;-85.0;-111.0;207;95;
148080294 ;10;14080.0;-13367.0;20736.0;14357.0;-31484.0;-23555.0;15104.0;-25344.0;-27649.0;255;124;
148080329 ;2;-13477.0;1020.0;2648.0;1602.0;-5812.0;-357.0;55.0;-101.0;-109.0;44;174;
148080334 ;3;-9560.0;3360.0;5125.0;1345.0;-7570.0;-562.0;55.0;-101.0;-109.0;185;163;
148080372 ;4;-4496.0;4025.0;7319.0;1150.0;-7044.0;-70.0;40.0;-98.0;-118.0;240;22;
148080373 ;5;2389.0;3438.0;10104.0;-284.0;-4113.0;-163.0;40.0;-98.0;-118.0;17;203;
148080381 ;6;6208.0;1232.0;12423.0;-2161.0;-960.0;-1388.0;21.0;-105.0;-121.0;148;184;
148080386 ;10;-30456.0;24312.0;12039.0;10780.0;-6665.0;2578.0;3830.0;-25088.0;-31489.0;255;35;
148080400 ;9;-2527.0;503.0;4056.0;-3493.0;3678.0;-2466.0;14.0;-98.0;-124.0;100;144;
148080434 ;13;-1285.0;-1613.0;-1693.0;-3127.0;925.0;-2008.0;34.0;-78.0;-116.0;14;158;
148080452 ;14;-860.0;-1763.0;-2371.0;-2725.0;1285.0;-2223.0;43.0;-61.0;-111.0;192;162;
148080454 ;15;-421.0;-2343.0;-3984.0;-2271.0;1060.0;-2142.0;43.0;-61.0;-111.0;23;245;
148080467 ;16;0.0;-3528.0;-4634.0;-1425.0;747.0;-1736.0;46.0;-54.0;-116.0;64;46;
148080488 ;18;-795.0;-4633.0;-3617.0;920.0;212.0;-952.0;45.0;-43.0;-111.0;5;151;
148080523 ;20;-537.0;-4045.0;1933.0;1723.0;-372.0;-755.0;42.0;-46.0;-114.0;182;36;
148080525 ;21;-1732.0;-2286.0;2920.0;1406.0;-615.0;-662.0;42.0;-46.0;-114.0;248;130;
148080538 ;21;-32746.0;-20231.0;28411.0;-11249.0;11268.0;-7683.0;11005.0;-13824.0;-27393.0;255;236;
148080542 ;23;-1664.0;1145.0;5082.0;961.0;-335.0;-127.0;42.0;-54.0;-108.0;157;119;
148080547 ;24;-1705.0;1670.0;5621.0;-43.0;-110.0;-85.0;44.0;-56.0;-116.0;181;135;
148080574 ;27;-1296.0;-1501.0;3603.0;-318.0;138.0;344.0;45.0;-55.0;-111.0;149;101;
148080591 ;28;-1093.0;-1752.0;3893.0;-701.0;710.0;537.0;41.0;-53.0;-113.0;5;145;
148080607 ;30;-2378.0;-1690.0;4228.0;-849.0;2299.0;527.0;49.0;-51.0;-117.0;45;165;
148080614 ;31;-2626.0;-1730.0;3410.0;-958.0;2938.0;499.0;49.0;-51.0;-117.0;208;172;
148080627 ;32;-2652.0;-1790.0;2201.0;-1055.0;3155.0;714.0;51.0;-51.0;-113.0;19;205;
148080634 ;33;-3171.0;-1756.0;1231.0;-1143.0;2944.0;846.0;51.0;-51.0;-113.0;184;182;
148080673 ;34;-3974.0;-1740.0;1037.0;-1168.0;2581.0;732.0;63.0;-53.0;-105.0;251;111;
148080674 ;35;-4761.0;-1617.0;1143.0;-1091.0;1845.0;489.0;63.0;-53.0;-105.0;65;89;
148080678 ;36;-5374.0;-1475.0;1125.0;-967.0;916.0;234.0;68.0;-48.0;-100.0;63;241;
148080679 ;37;-5439.0;-1435.0;535.0;-777.0;-162.0;66.0;68.0;-48.0;-100.0;178;78;
148080686 ;38;-6365.0;-1245.0;1046.0;-734.0;-1439.0;-248.0;70.0;-48.0;-98.0;197;185;
148080694 ;39;-6612.0;-1318.0;2165.0;-716.0;-1671.0;-547.0;70.0;-48.0;-98.0;227;251;
148080716 ;41;-3336.0;-1486.0;3228.0;-451.0;-2259.0;-574.0;71.0;-45.0;-97.0;230;124;
148080729 ;42;-1826.0;-1653.0;3699.0;-538.0;-1920.0;-493.0;66.0;-44.0;-104.0;71;169;
148080748 ;44;-1566.0;-1900.0;3466.0;-955.0;614.0;-465.0;53.0;-35.0;-107.0;207;135;
148080754 ;45;-2436.0;-2261.0;2810.0;-984.0;1669.0;-567.0;53.0;-35.0;-107.0;9;191;
148080754 ;10;-1490.0;24051.0;6901.0;15369.0;-20996.0;-17145.0;14589.0;-8704.0;-27393.0;255;27;
148080774 ;47;-3179.0;-3211.0;1615.0;-887.0;1593.0;-510.0;56.0;-34.0;-108.0;10;104;
148080786 ;48;-2966.0;-3315.0;468.0;-874.0;1024.0;-310.0;63.0;-33.0;-101.0;162;142;
148080823 ;49;-2358.0;-3855.0;-733.0;-596.0;239.0;22.0;63.0;-33.0;-101.0;129;43;
148080826 ;50;-2480.0;-4255.0;-959.0;-208.0;-84.0;-1.0;65.0;-25.0;-99.0;202;42;
148080834 ;51;-2075.0;-4491.0;-897.0;395.0;-278.0;-140.0;65.0;-25.0;-99.0;193;61;
148080837 ;52;-1886.0;-4330.0;44.0;1000.0;-340.0;-193.0;70.0;-26.0;-104.0;190;208;
148080838 ;53;-1162.0;-3922.0;1271.0;1434.0;29.0;-141.0;70.0;-26.0;-104.0;89;9;
148080846 ;54;-867.0;-3085.0;2431.0;1773.0;540.0;49.0;58.0;-30.0;-98.0;97;137;
148080854 ;55;-1593.0;-1699.0;4253.0;1929.0;741.0;140.0;58.0;-30.0;-98.0;223;169;
148080872 ;56;-1918.0;-636.0;5805.0;1772.0;553.0;252.0;63.0;-33.0;-103.0;238;238;
148080876 ;57;-1822.0;231.0;5767.0;1187.0;82.0;733.0;63.0;-33.0;-103.0;78;44;
148080887 ;58;-1835.0;-256.0;4570.0;724.0;-321.0;1180.0;66.0;-38.0;-104.0;0;6;
148080894 ;59;-1206.0;-1524.0;3412.0;669.0;-678.0;1426.0;66.0;-38.0;-104.0;80;160;
148080906 ;60;-810.0;-2680.0;2964.0;794.0;-814.0;1502.0;69.0;-51.0;-99.0;207;39;
148080914 ;61;-1060.0;-3140.0;3064.0;855.0;-712.0;1506.0;69.0;-51.0;-99.0;19;239;
148080926 ;62;-1913.0;-2938.0;3690.0;788.0;-219.0;1514.0;61.0;-47.0;-103.0;168;42;
148080934 ;63;-3568.0;-2448.0;4133.0;614.0;565.0;1461.0;61.0;-47.0;-103.0;4;210;
148080975 ;64;-5489.0;-1934.0;3966.0;396.0;1225.0;1278.0;63.0;-57.0;-109.0;205;37;
148080977 ;65;-6952.0;-1905.0;3588.0;120.0;1178.0;909.0;63.0;-57.0;-109.0;253;41;
148080978 ;66;-7614.0;-2301.0;2126.0;-46.0;74.0;439.0;70.0;-60.0;-102.0;85;179;
148080982 ;67;-8940.0;-2710.0;1024.0;-280.0;-1649.0;-100.0;70.0;-60.0;-102.0;108;32;
148080992 ;68;-9835.0;-2704.0;119.0;-177.0;-2818.0;-696.0;69.0;-57.0;-99.0;228;192;
148080994 ;69;-9053.0;-1663.0;393.0;343.0;-3665.0;-1008.0;69.0;-57.0;-99.0;157;27;
148081034 ;73;694.0;-726.0;4114.0;-1428.0;-1204.0;-848.0;47.0;-55.0;-115.0;80;4;
148081046 ;255;1063.0;-1276.0;3665.0;-1802.0;419.0;-1112.0;36.0;-54.0;-22390.0;80;154;
148081046 ;10;19019.0;8450.0;-25606.0;-28662.0;-19208.0;1287.0;9467.0;-13824.0;-29953.0;255;215;
148081066 ;76;-64.0;-1470.0;2082.0;-2062.0;2847.0;-1299.0;36.0;-46.0;-116.0;21;183;
148081074 ;77;-697.0;-1705.0;1002.0;-2305.0;3068.0;-1237.0;36.0;-46.0;-116.0;154;206;
148081086 ;78;-1117.0;-2098.0;-237.0;-2317.0;2513.0;-1139.0;44.0;-32.0;-112.0;210;30;
148081127 ;79;-1141.0;-2488.0;-1759.0;-2158.0;1582.0;-954.0;44.0;-32.0;-112.0;240;216;
148081133 ;81;-311.0;-3073.0;-3716.0;-1549.0;51.0;-470.0;49.0;-29.0;-111.0;139;99;
148081150 ;84;1140.0;-4699.0;-2605.0;395.0;-1393.0;685.0;50.0;-20.0;-106.0;198;120;
148081156 ;85;395.0;-4527.0;256.0;784.0;-1507.0;752.0;50.0;-20.0;-106.0;25;5;
148081168 ;86;818.0;-4062.0;1912.0;685.0;-1342.0;1017.0;48.0;-22.0;-106.0;91;193;
148081174 ;87;930.0;-2976.0;2497.0;605.0;-1474.0;1680.0;48.0;-22.0;-106.0;31;193;
148081194 ;89;-250.0;-444.0;5416.0;567.0;634.0;1988.0;46.0;-22.0;-106.0;51;209;
148081194 ;10;30298.0;-10504.0;-12284.0;-5352.0;26112.0;11015.0;10760.0;-7680.0;-27905.0;255;226;
148081227 ;92;-4254.0;69.0;5165.0;-626.0;2752.0;2505.0;51.0;-33.0;-109.0;39;129;
148081241 ;93;-4768.0;-1266.0;5100.0;-877.0;3238.0;2227.0;51.0;-33.0;-109.0;123;241;
148081277 ;95;-7585.0;-3534.0;5743.0;-1279.0;4488.0;1094.0;60.0;-24.0;-110.0;6;22;
148081280 ;97;-8292.0;-3702.0;2978.0;-1556.0;3302.0;856.0;69.0;-31.0;-97.0;35;69;
148081289 ;97;12898.0;-23076.0;14579.0;6917.0;-774.0;-15358.0;21506.0;-7680.0;-21249.0;255;144;
148081294 ;99;-11161.0;-2177.0;-190.0;-907.0;-1341.0;-128.0;84.0;-30.0;-84.0;12;26;
148081308 ;100;-12254.0;-1075.0;-2879.0;165.0;-2911.0;-1389.0;89.0;-29.0;-83.0;171;49;
148081316 ;101;-9839.0;262.0;990.0;185.0;-3883.0;-2231.0;89.0;-29.0;-83.0;134;232;
148081334 ;103;-1299.0;-1550.0;1833.0;-44.0;-3063.0;-1851.0;79.0;-25.0;-89.0;251;155;
148081366 ;106;-905.0;-2844.0;338.0;-554.0;3810.0;-2524.0;61.0;-21.0;-103.0;206;210;
148081378 ;107;-1843.0;-3691.0;-1009.0;-714.0;3292.0;-2414.0;61.0;-21.0;-103.0;77;211;
148081386 ;108;-1845.0;-5273.0;-2279.0;-507.0;1698.0;-1358.0;64.0;-14.0;-94.0;228;16;
148081395 ;109;-1726.0;-6111.0;-2717.0;-397.0;-122.0;-1013.0;64.0;-14.0;-94.0;2;176;
148081431 ;111;347.0;-6657.0;-2566.0;644.0;-2129.0;-613.0;66.0;-12.0;-86.0;106;174;
148081432 ;112;1020.0;-5752.0;1618.0;620.0;-3470.0;-549.0;64.0;-12.0;-88.0;230;68;
148081437 ;113;865.0;-4982.0;4635.0;159.0;-4103.0;-707.0;64.0;-12.0;-88.0;61;3;
148081448 ;114;-74.0;-3920.0;6269.0;-122.0;-3720.0;-998.0;59.0;-9.0;-97.0;89;113;
148081466 ;116;-306.0;-1684.0;7596.0;-1357.0;-1081.0;-1097.0;44.0;-12.0;-96.0;119;11;
148081475 ;117;554.0;-2364.0;6068.0;-1789.0;508.0;-394.0;44.0;-12.0;-96.0;123;17;
148081486 ;82;27140.0;-8974.0;14862.0;505.0;4620.0;11264.0;0.0;-25088.0;22527.0;32;218;
148081518 ;121;-5000.0;-4081.0;641.0;-961.0;6420.0;-844.0;47.0;7.0;-91.0;123;79;
148081524 ;122;-8474.0;-3021.0;-322.0;-819.0;5625.0;-1582.0;63.0;9.0;-83.0;225;125;
148081534 ;123;-11596.0;-2237.0;-1071.0;-755.0;3653.0;-2333.0;63.0;9.0;-83.0;91;99;
148081579 ;125;-13679.0;-312.0;-3772.0;515.0;-2361.0;-3017.0;72.0;12.0;-68.0;249;123;
148081581 ;126;-10672.0;593.0;-1594.0;601.0;-4655.0;-2742.0;67.0;17.0;-69.0;70;112;
148081589 ;128;-1500.0;213.0;-634.0;-154.0;-7342.0;-1775.0;54.0;18.0;-88.0;179;105;
148081594 ;129;1878.0;250.0;604.0;-753.0;-6101.0;-1417.0;54.0;18.0;-88.0;223;145;
148081614 ;131;5822.0;-1624.0;-1394.0;-1445.0;-2678.0;-1225.0;32.0;20.0;-88.0;139;85;
148081626 ;132;4006.0;-3331.0;-2965.0;-1066.0;-1211.0;-1433.0;20.0;22.0;-90.0;242;194;
148081635 ;133;3295.0;-5067.0;-6560.0;-94.0;-268.0;-615.0;20.0;22.0;-90.0;249;75;
148081646 ;134;2127.0;-6879.0;-7618.0;1174.0;-917.0;122.0;16.0;30.0;-88.0;125;213;
148081658 ;135;-344.0;-7244.0;-1931.0;2759.0;-2399.0;22.0;16.0;30.0;-88.0;174;244;
148081666 ;136;-1345.0;-5839.0;4417.0;2362.0;-3457.0;-589.0;6.0;28.0;-94.0;254;216;
148081674 ;137;-24.0;-4830.0;4966.0;1295.0;-3841.0;-738.0;6.0;28.0;-94.0;3;175;
148081687 ;138;-213.0;-2334.0;7370.0;880.0;-3023.0;-715.0;3.0;21.0;-95.0;30;128;
148081694 ;139;990.0;1438.0;9929.0;329.0;-942.0;-1225.0;3.0;21.0;-95.0;170;106;
148081731 ;141;-4570.0;-2119.0;4677.0;645.0;906.0;37.0;-8.0;14.0;-102.0;169;49;
148081736 ;142;-3877.0;-3219.0;2674.0;463.0;2484.0;-359.0;-10.0;20.0;-98.0;41;1;
148081737 ;143;-2265.0;-5790.0;3497.0;552.0;3947.0;-1010.0;-10.0;20.0;-98.0;44;154;
148081746 ;144;-407.0;-6923.0;3616.0;937.0;4476.0;-1025.0;-2.0;18.0;-96.0;9;157;
148081754 ;145;1355.0;-6605.0;4306.0;839.0;4894.0;-469.0;-2.0;18.0;-96.0;88;50;
148081766 ;146;1896.0;-5496.0;4184.0;509.0;5362.0;134.0;7.0;11.0;-95.0;65;51;
148081774 ;147;1253.0;-4555.0;3872.0;103.0;5127.0;171.0;7.0;11.0;-95.0;215;33;
148081788 ;148;-51.0;-4232.0;3126.0;-99.0;4482.0;-121.0;21.0;13.0;-93.0;172;236;
148081797 ;149;-140.0;-4655.0;88.0;402.0;4772.0;-211.0;21.0;13.0;-93.0;129;227;
148081814 ;151;-6270.0;-4084.0;-5528.0;332.0;404.0;-1109.0;32.0;14.0;-94.0;207;93;
148081827 ;152;-9635.0;-3224.0;-4485.0;1441.0;945.0;-2009.0;37.0;15.0;-95.0;10;134;
148081834 ;153;-8643.0;-1529.0;-4280.0;1502.0;-1068.0;-2479.0;37.0;15.0;-95.0;227;45;
148081880 ;154;-5274.0;-265.0;-2181.0;1590.0;-5010.0;-2106.0;32.0;12.0;-90.0;160;78;
148081882 ;155;-2273.0;-1097.0;-741.0;704.0;-7683.0;-1624.0;32.0;12.0;-90.0;183;9;
148081887 ;156;22.0;-3061.0;767.0;-118.0;-9003.0;-809.0;21.0;11.0;-97.0;167;139;
148081888 ;157;1455.0;-4799.0;1570.0;-1109.0;-10702.0;-516.0;21.0;11.0;-97.0;54;94;
148081894 ;159;7217.0;-5724.0;1294.0;-2173.0;-6776.0;534.0;-7.0;11.0;-105.0;78;182;
148081914 ;161;5482.0;-3194.0;4065.0;-827.0;2114.0;-851.0;-34.0;20.0;-96.0;247;39;
148081926 ;162;2665.0;-2314.0;3202.0;525.0;5927.0;-1588.0;-44.0;22.0;-94.0;85;15;
148081938 ;163;-472.0;-585.0;1244.0;888.0;6373.0;-1331.0;-44.0;22.0;-94.0;80;28;
148081946 ;163;-27484.0;2548.0;-13315.0;-20734.0;13313.0;-1260.0;-8194.0;4607.0;-25856.0;255;81;
148081955 ;165;-2154.0;-3317.0;-2064.0;753.0;4472.0;983.0;-33.0;17.0;-101.0;32;10;
148081975 ;10;2728.0;27401.0;26600.0;16138.0;-31731.0;-18162.0;-1789.0;3071.0;-26368.0;255;223;
148082029 ;170;-206.0;-4082.0;6639.0;2174.0;1792.0;1789.0;6.0;0.0;-102.0;58;172;
148082031 ;171;-1920.0;-4371.0;5694.0;1575.0;1438.0;1575.0;6.0;0.0;-102.0;24;42;
148082037 ;173;-2498.0;-5281.0;495.0;1437.0;816.0;1131.0;10.0;-2.0;-108.0;35;177;
148082047 ;174;-5423.0;-3894.0;-1340.0;1317.0;-228.0;379.0;21.0;-9.0;-109.0;105;115;
148082077 ;177;-6894.0;2472.0;127.0;951.0;-4590.0;-1095.0;22.0;-10.0;-110.0;12;202;
148082086 ;178;-3363.0;1792.0;833.0;235.0;-6776.0;-919.0;16.0;-14.0;-112.0;67;147;
148082107 ;180;3533.0;-3338.0;-674.0;-1295.0;-8808.0;109.0;-8.0;-16.0;-116.0;57;161;
148082115 ;10;20662.0;29971.0;23269.0;20228.0;16633.0;-12828.0;-7933.0;-3073.0;-28161.0;255;216;
148082147 ;184;4708.0;-4491.0;4607.0;-1341.0;578.0;84.0;-49.0;-7.0;-111.0;118;228;
148082181 ;185;1737.0;-2131.0;7007.0;-888.0;4993.0;-682.0;-49.0;-7.0;-111.0;145;87;
148082182 ;186;467.0;-908.0;6160.0;-375.0;8261.0;-1364.0;-48.0;-2.0;-110.0;63;197;
148082187 ;188;-3309.0;968.0;1941.0;-1328.0;6632.0;-1271.0;-30.0;-6.0;-106.0;145;119;
148082194 ;189;-2408.0;-1729.0;-992.0;-1437.0;4182.0;-33.0;-30.0;-6.0;-106.0;217;109;
148082206 ;190;-1134.0;-3799.0;-1090.0;-653.0;3445.0;-86.0;-20.0;2.0;-110.0;97;191;
148082218 ;191;1436.0;-5350.0;37.0;236.0;3805.0;-662.0;-20.0;2.0;-110.0;112;12;
148082226 ;192;2560.0;-5279.0;-32.0;968.0;3261.0;-58.0;-4.0;2.0;-106.0;10;94;
148082234 ;193;1477.0;-4184.0;1215.0;982.0;2233.0;536.0;-4.0;2.0;-106.0;85;193;
148082247 ;194;-409.0;-3702.0;2041.0;699.0;1018.0;740.0;5.0;3.0;-105.0;10;60;
148082269 ;196;-1963.0;-4219.0;3831.0;597.0;-72.0;528.0;5.0;-3.0;-107.0;105;191;
148082274 ;197;-1380.0;-4616.0;2899.0;309.0;-407.0;374.0;5.0;-3.0;-107.0;113;125;
148082293 ;198;-1585.0;-4805.0;1399.0;254.0;-706.0;238.0;5.0;-1.0;-107.0;26;194;
148082342 ;203;-2201.0;-1281.0;3302.0;-1162.0;-4824.0;-1283.0;6.0;-8.0;-110.0;73;189;
148082374 ;203;-15665.0;-24050.0;-26650.0;-24574.0;5368.0;-12056.0;-6145.0;-513.0;-28161.0;255;51;
148082387 ;208;3224.0;-5926.0;2180.0;-1925.0;-5365.0;249.0;-43.0;3.0;-107.0;185;9;
148082411 ;10;22994.0;23308.0;-18454.0;-19952.0;-28682.0;10999.0;-14593.0;2815.0;-25088.0;255;46;
148082428 ;212;2661.0;-4527.0;3880.0;-2741.0;1894.0;-255.0;-62.0;18.0;-96.0;2;88;
148082436 ;255;18.0;-96.0;8256.0;-10742.0;378.0;-3751.0;978.0;-2307.0;5053.0;222;159;
148082483 ;216;-2570.0;-2741.0;573.0;-1154.0;4415.0;-1193.0;-55.0;25.0;-89.0;14;0;
148082506 ;220;972.0;-4325.0;-1391.0;231.0;1303.0;-868.0;-40.0;32.0;-82.0;169;101;
148082515 ;221;2779.0;-5376.0;-2195.0;805.0;286.0;-397.0;-40.0;32.0;-82.0;151;181;
148082527 ;222;3399.0;-5210.0;-1732.0;1491.0;-218.0;189.0;-40.0;30.0;-90.0;118;228;
148082534 ;223;3022.0;-4206.0;-576.0;1885.0;-38.0;561.0;-40.0;30.0;-90.0;42;92;
148082556 ;225;1603.0;-2636.0;867.0;2381.0;100.0;821.0;-40.0;26.0;-88.0;237;211;
148082567 ;226;410.0;-2483.0;2157.0;2361.0;360.0;795.0;-37.0;15.0;-99.0;173;133;
148082586 ;228;-478.0;-2900.0;3394.0;1769.0;723.0;640.0;-33.0;15.0;-97.0;238;246;
148082633 ;230;140.0;-3524.0;2049.0;1184.0;443.0;544.0;-31.0;11.0;-101.0;218;202;
148082646 ;234;-1854.0;878.0;1438.0;793.0;-1579.0;293.0;-30.0;0.0;-108.0;102;104;
148082654 ;235;-737.0;436.0;1244.0;422.0;-2540.0;70.0;-30.0;0.0;-108.0;49;59;
148082667 ;236;311.0;-1044.0;2189.0;-74.0;-2475.0;-74.0;-29.0;3.0;-107.0;248;180;
148082675 ;237;1185.0;-3170.0;2191.0;-342.0;-2473.0;-58.0;-29.0;3.0;-107.0;23;49;
148082693 ;238;1757.0;-4812.0;1480.0;-397.0;-2889.0;125.0;-40.0;2.0;-104.0;242;250;
148082694 ;239;1974.0;-5666.0;1127.0;-376.0;-3292.0;477.0;-40.0;2.0;-104.0;243;31;
148082708 ;240;1332.0;-5496.0;2578.0;-346.0;-3644.0;854.0;-48.0;0.0;-104.0;249;225;
148082714 ;241;831.0;-4995.0;4593.0;-902.0;-3938.0;666.0;-48.0;0.0;-104.0;206;174;
148082728 ;242;1821.0;-4638.0;4348.0;-1026.0;-3137.0;843.0;-55.0;5.0;-101.0;123;119;
148082734 ;243;2069.0;-4115.0;4897.0;-1132.0;-2109.0;713.0;-55.0;5.0;-101.0;197;51;
148082785 ;245;13385.0;9711.0;15375.0;5627.0;-30716.0;-15358.0;2815.0;-25600.0;3839.0;-7.220731E8;5.1898982E8;-1.5123992E8;-1.07359616E9;
148082787 ;247;1002.0;-4248.0;1860.0;-724.0;3665.0;473.0;-64.0;6.0;-92.0;122;196;
148082794 ;248;-501.0;-3912.0;1362.0;-585.0;3609.0;451.0;-54.0;14.0;-94.0;65;193;
148082796 ;249;-1955.0;-3130.0;1373.0;-486.0;2906.0;438.0;-54.0;14.0;-94.0;63;127;
148082814 ;251;-3222.0;-2246.0;1387.0;-137.0;821.0;422.0;-44.0;12.0;-96.0;246;138;
148082814 ;10;26364.0;-11.0;16374.0;12035.0;-8960.0;-2560.0;-11520.0;5119.0;-25344.0;255;220;
148082847 ;254;-363.0;-4781.0;-135.0;479.0;-1221.0;430.0;-39.0;19.0;-99.0;191;97;
148082854 ;255;794.0;-5546.0;-461.0;962.0;-1440.0;497.0;-39.0;19.0;-99.0;79;65;
148082874 ;1;1527.0;-4876.0;1567.0;1654.0;38.0;441.0;-39.0;15.0;-97.0;13;127;
148082895 ;3;437.0;-4234.0;3338.0;1373.0;1588.0;364.0;-40.0;14.0;-104.0;228;74;
148082935 ;4;-297.0;-4573.0;3764.0;1086.0;1603.0;260.0;-41.0;9.0;-101.0;223;79;
148082937 ;5;-817.0;-5143.0;3928.0;734.0;1432.0;140.0;-41.0;9.0;-101.0;183;193;
148082942 ;7;-986.0;-5797.0;2454.0;64.0;1153.0;-94.0;-35.0;3.0;-105.0;17;11;
148082946 ;8;-450.0;-5672.0;443.0;48.0;173.0;40.0;-34.0;4.0;-104.0;104;158;
148082970 ;10;-1605.0;-2709.0;-1042.0;778.0;-535.0;-73.0;-33.0;1.0;-107.0;77;247;
148082988 ;12;-1543.0;184.0;3985.0;-142.0;-1163.0;-712.0;-38.0;4.0;-106.0;8;142;
148083006 ;14;222.0;-2136.0;2872.0;-1375.0;-1395.0;-1012.0;-39.0;1.0;-105.0;145;5;
148083014 ;15;1319.0;-3657.0;1682.0;-1650.0;-1529.0;-858.0;-39.0;1.0;-105.0;62;74;
148083034 ;17;2912.0;-5679.0;-922.0;-1354.0;-1193.0;-202.0;-42.0;4.0;-102.0;107;147;
148083086 ;19;1864.0;-5460.0;-736.0;-463.0;-120.0;99.0;-47.0;13.0;-99.0;209;119;
148083103 ;22;-439.0;-5281.0;476.0;-118.0;-264.0;-47.0;-45.0;11.0;-105.0;112;240;
148083104 ;23;-828.0;-4983.0;1274.0;186.0;-667.0;-108.0;-45.0;11.0;-105.0;150;152;
148083127 ;26;-1039.0;972.0;3816.0;85.0;-2823.0;-2.0;-54.0;8.0;-100.0;160;20;
148083135 ;27;-530.0;-307.0;2830.0;-383.0;-2434.0;94.0;-54.0;8.0;-100.0;209;227;
148083146 ;10;9756.0;-17403.0;-6157.0;-4603.0;10497.0;6908.0;-14849.0;2559.0;-25344.0;255;195;
148083155 ;29;2234.0;-4993.0;1003.0;1251.0;171.0;-441.0;-59.0;9.0;-99.0;162;90;
148083198 ;33;823.0;-3556.0;2813.0;2059.0;1190.0;84.0;-62.0;0.0;-100.0;7;141;
148083236 ;34;575.0;-3527.0;3890.0;1702.0;690.0;-5.0;-55.0;-7.0;-105.0;169;143;
148083237 ;35;-70.0;-3995.0;4631.0;1221.0;455.0;-189.0;-55.0;-7.0;-105.0;173;63;
148083242 ;37;130.0;-5123.0;2392.0;376.0;477.0;-168.0;-54.0;-12.0;-108.0;23;157;
148083251 ;38;345.0;-4778.0;1466.0;420.0;279.0;-84.0;-59.0;-13.0;-113.0;88;246;
148083256 ;10;-28377.0;9731.0;-8975.0;-27393.0;-3838.0;17921.0;-15104.0;-3073.0;-28673.0;255;248;
148083267 ;40;787.0;-620.0;810.0;1489.0;1279.0;377.0;-54.0;-8.0;-108.0;204;92;
148083276 ;41;-410.0;2445.0;6154.0;292.0;1411.0;-210.0;-54.0;-8.0;-108.0;156;38;
148083287 ;42;-1230.0;850.0;5898.0;-1645.0;397.0;-753.0;-53.0;-13.0;-111.0;105;199;
148083306 ;44;-474.0;-2423.0;2678.0;-2230.0;-1485.0;-914.0;-55.0;-9.0;-113.0;157;117;
148083315 ;10;12078.0;-13556.0;-2069.0;20990.0;20469.0;25331.0;-13825.0;-1025.0;-26625.0;255;214;
148083387 ;227;-14343.0;-16639.0;1535.0;-25344.0;24319.0;12787.0;2745.0;-5954.0;-1130.0;128;197;
148083388 ;50;1216.0;-5489.0;297.0;-341.0;282.0;360.0;-66.0;8.0;-90.0;90;166;
148083389 ;51;5.0;-5261.0;2974.0;-349.0;612.0;129.0;-66.0;8.0;-90.0;91;187;
148083393 ;52;-348.0;-5243.0;2822.0;-731.0;469.0;229.0;-64.0;8.0;-94.0;198;164;
148083394 ;53;-802.0;-4966.0;1865.0;-976.0;-222.0;391.0;-64.0;8.0;-94.0;76;248;
148083408 ;54;-557.0;-4582.0;1461.0;-724.0;-402.0;325.0;-68.0;8.0;-92.0;51;99;
148083414 ;55;-69.0;-3923.0;2002.0;-227.0;-23.0;178.0;-68.0;8.0;-92.0;173;135;
148083434 ;57;229.0;-1030.0;4232.0;256.0;799.0;-1.0;-68.0;16.0;27298.0;173;233;
148083434 ;10;-13510.0;22016.0;-15105.0;-31221.0;-11010.0;-3581.0;-16896.0;3327.0;-23552.0;255;3;
148083454 ;59;37.0;-1277.0;2238.0;29.0;2247.0;-37.0;-66.0;12.0;-92.0;128;154;
148083466 ;60;544.0;-3101.0;639.0;441.0;2481.0;-167.0;-64.0;10.0;-92.0;23;145;
148083487 ;62;1270.0;-5682.0;-527.0;1331.0;2115.0;282.0;-53.0;11.0;-93.0;28;200;
148083495 ;63;1368.0;-4861.0;-22.0;1886.0;1781.0;526.0;-53.0;11.0;-93.0;134;118;
148083506 ;64;1174.0;-3508.0;398.0;2084.0;1423.0;688.0;-52.0;4.0;-98.0;175;139;
148083538 ;65;637.0;-2675.0;1168.0;2118.0;752.0;785.0;-52.0;4.0;-98.0;192;0;
148083549 ;67;-1248.0;-2781.0;2861.0;1875.0;-868.0;543.0;-43.0;1.0;-109.0;82;44;
148083554 ;69;-2422.0;-3272.0;3902.0;1099.0;-1883.0;-34.0;-47.0;-7.0;-109.0;138;158;
148083586 ;72;164.0;-2971.0;579.0;801.0;-2509.0;-194.0;-53.0;-17.0;-109.0;136;120;
148083606 ;74;2013.0;-90.0;1455.0;875.0;-2188.0;444.0;-62.0;-14.0;-110.0;138;66;
148083618 ;75;2201.0;1216.0;3903.0;426.0;-2438.0;428.0;-62.0;-14.0;-110.0;51;211;
148083626 ;76;2731.0;299.0;4389.0;-381.0;-2377.0;163.0;-68.0;-20.0;-108.0;151;125;
148083688 ;80;3258.0;-5153.0;576.0;-1030.0;-738.0;1123.0;-77.0;-11.0;-103.0;1;31;
148083688 ;80;3258.0;-5153.0;576.0;-1030.0;-738.0;1123.0;-77.0;-11.0;-103.0;1;31;
148083691 ;82;1612.0;-4082.0;1254.0;-319.0;1639.0;1197.0;-81.0;-1.0;-103.0;215;239;
148083688 ;80;3258.0;-5153.0;576.0;-1030.0;-738.0;1123.0;-77.0;-11.0;-103.0;1;53;
148083696 ;83;814.0;-3639.0;2034.0;-190.0;2903.0;1016.0;-81.0;-1.0;-103.0;67;181;
148083704 ;84;452.0;-3697.0;2426.0;-171.0;4075.0;953.0;-76.0;-4.0;-104.0;149;109;
148083714 ;85;-23.0;-3761.0;1653.0;-116.0;4804.0;1005.0;-76.0;-4.0;-104.0;184;192;
148083726 ;86;-794.0;-3813.0;775.0;31.0;4826.0;932.0;-58.0;0.0;-102.0;136;164;
148083734 ;87;-1208.0;-3600.0;535.0;425.0;4817.0;933.0;-58.0;0.0;-102.0;81;75;
148083746 ;88;-2093.0;-2826.0;1431.0;989.0;4649.0;905.0;-46.0;-8.0;-110.0;210;238;
148083758 ;89;-2593.0;-1957.0;4214.0;1508.0;3947.0;566.0;-46.0;-8.0;-110.0;36;106;
148083766 ;90;-2038.0;-251.0;3174.0;1164.0;2889.0;708.0;-36.0;-8.0;-114.0;5;75;
148083777 ;91;-1668.0;219.0;3307.0;958.0;2182.0;1250.0;-36.0;-8.0;-114.0;96;72;
148083786 ;92;-432.0;-1726.0;1322.0;1113.0;1678.0;1264.0;-24.0;-8.0;-116.0;140;14;
148083794 ;93;607.0;-3617.0;389.0;1790.0;1324.0;1519.0;-24.0;-8.0;-116.0;208;216;
148083839 ;94;1475.0;-4675.0;-856.0;2434.0;961.0;1973.0;-19.0;-9.0;-119.0;19;33;
148083843 ;95;1618.0;-4391.0;-871.0;3309.0;912.0;2483.0;-19.0;-9.0;-119.0;239;215;
148083844 ;96;1095.0;-3408.0;-930.0;3878.0;1083.0;2859.0;-8.0;-18.0;-118.0;232;188;
148083847 ;97;282.0;-2248.0;-553.0;4383.0;879.0;3119.0;-8.0;-18.0;-118.0;243;151;
148083850 ;98;-754.0;-1428.0;206.0;4731.0;323.0;3255.0;-5.0;-31.0;-125.0;187;21;
148083854 ;99;-1841.0;-818.0;1688.0;5084.0;-249.0;3343.0;-5.0;-31.0;-125.0;41;129;
148083866 ;100;-3039.0;-241.0;3154.0;4914.0;-1151.0;3225.0;-2.0;-38.0;-122.0;208;166;
148083874 ;101;-4299.0;-183.0;3968.0;4718.0;-2164.0;2921.0;-2.0;-38.0;-122.0;92;148;
148083886 ;102;-5710.0;16.0;5354.0;4475.0;-3048.0;2306.0;-4.0;-60.0;-128.0;25;51;
148083897 ;103;-6006.0;-88.0;4618.0;3938.0;-4243.0;1603.0;-4.0;-60.0;-128.0;25;141;
148083906 ;104;-6019.0;-392.0;3995.0;3698.0;-5365.0;833.0;-13.0;-75.0;-127.0;247;35;
148083914 ;105;-5027.0;-483.0;3950.0;3492.0;-6163.0;205.0;-13.0;-75.0;-127.0;236;38;
148083927 ;106;-3693.0;12.0;3808.0;3296.0;-6984.0;-285.0;-28.0;-82.0;-126.0;140;90;
148083934 ;107;-1328.0;1153.0;5365.0;2795.0;-7046.0;-435.0;-28.0;-82.0;-126.0;156;244;
148083951 ;108;1167.0;2309.0;7572.0;1956.0;-6757.0;62.0;-53.0;-93.0;-123.0;65;185;
148083956 ;109;4091.0;2519.0;9906.0;742.0;-6035.0;433.0;-53.0;-93.0;-123.0;56;58;
148083991 ;110;6053.0;1100.0;10415.0;-556.0;-4365.0;416.0;-70.0;-104.0;-114.0;171;255;
148083992 ;111;6709.0;-828.0;9876.0;-1245.0;-1993.0;178.0;-70.0;-104.0;-114.0;62;22;
148083994 ;112;5743.0;-1336.0;8162.0;-1483.0;681.0;253.0;-85.0;-103.0;-109.0;141;43;
148083996 ;113;4293.0;-1196.0;6426.0;-2015.0;2362.0;603.0;-85.0;-103.0;-109.0;127;207;
148084007 ;114;3143.0;-1374.0;4648.0;-2298.0;3333.0;846.0;-87.0;-101.0;-111.0;247;153;
148084015 ;115;2258.0;-1681.0;2946.0;-2440.0;4084.0;915.0;-87.0;-101.0;-111.0;69;37;
148084026 ;116;1462.0;-2110.0;1187.0;-2309.0;4791.0;877.0;-74.0;-92.0;-114.0;200;218;
148084038 ;117;764.0;-2577.0;299.0;-2073.0;5318.0;792.0;-74.0;-92.0;-114.0;101;43;
148084046 ;118;487.0;-3252.0;-1031.0;-1616.0;5662.0;690.0;-60.0;-88.0;-126.0;55;231;
148084054 ;119;233.0;-3797.0;-1990.0;-935.0;6002.0;599.0;-60.0;-88.0;-126.0;250;40;
148084067 ;120;-395.0;-4255.0;-2857.0;-41.0;5883.0;584.0;-41.0;-77.0;-131.0;101;29;
148084074 ;121;-1771.0;-4378.0;-3400.0;868.0;5230.0;401.0;-41.0;-77.0;-131.0;174;150;
148084091 ;122;-2830.0;-4409.0;-2864.0;1791.0;4636.0;260.0;-23.0;-79.0;-131.0;79;115;
148084096 ;123;-3343.0;-3795.0;-1195.0;2592.0;3853.0;546.0;-23.0;-79.0;-131.0;116;242;
148084107 ;124;-3773.0;-2551.0;-98.0;2916.0;2398.0;967.0;-9.0;-85.0;-131.0;50;88;
148084141 ;125;-3288.0;-1084.0;743.0;2958.0;679.0;1165.0;-9.0;-85.0;-131.0;89;33;
148084142 ;125;-3288.0;-1084.0;743.0;2958.0;679.0;1165.0;-9.0;-85.0;-131.0;89;33;
148084143 ;127;-1180.0;2686.0;3102.0;2888.0;-1346.0;1000.0;-3.0;-97.0;-129.0;200;162;
148084147 ;128;415.0;2743.0;4000.0;2368.0;-1305.0;1220.0;-4.0;-100.0;-124.0;197;169;
148084154 ;129;1086.0;936.0;3749.0;2651.0;-1159.0;1714.0;-4.0;-100.0;-124.0;245;237;
148084166 ;130;654.0;-645.0;3227.0;3331.0;-862.0;1727.0;-2.0;-114.0;-128.0;215;211;
148084178 ;131;194.0;-933.0;3287.0;4029.0;-509.0;1909.0;-2.0;-114.0;-128.0;251;37;
148084185 ;132;-55.0;8.0;3811.0;4387.0;-447.0;2181.0;-13.0;-117.0;-119.0;115;115;
148084194 ;133;-230.0;1100.0;4855.0;4405.0;-355.0;2448.0;-13.0;-117.0;-119.0;159;55;
148084207 ;134;-412.0;1683.0;7085.0;4005.0;-242.0;2567.0;-11.0;-131.0;-111.0;69;165;
148084214 ;135;-1432.0;2391.0;10084.0;3239.0;-221.0;2366.0;-11.0;-131.0;-111.0;26;132;
148084231 ;136;-1927.0;2892.0;13235.0;2323.0;358.0;2001.0;-18.0;-144.0;-116.0;162;162;
148084237 ;137;-3382.0;1975.0;12123.0;1358.0;796.0;1464.0;-18.0;-144.0;-116.0;205;91;
148084248 ;138;-4286.0;344.0;11155.0;146.0;1741.0;820.0;-21.0;-151.0;-105.0;128;104;
148084254 ;139;-2157.0;-2294.0;5755.0;-674.0;2522.0;648.0;-21.0;-151.0;-105.0;129;69;
148084292 ;140;206.0;-4326.0;-241.0;-599.0;1332.0;1142.0;-17.0;-149.0;-105.0;226;150;
148084293 ;141;-2241.0;-2632.0;-2696.0;-135.0;-1392.0;1304.0;-17.0;-149.0;-105.0;20;178;
148084294 ;142;-2978.0;2577.0;3332.0;1243.0;-327.0;1443.0;-14.0;-156.0;-112.0;87;219;
148084302 ;143;-1931.0;7814.0;8152.0;-334.0;-901.0;1521.0;-14.0;-156.0;-112.0;193;177;
148084306 ;144;-987.0;7789.0;8265.0;-1286.0;-312.0;1025.0;-18.0;-154.0;-106.0;117;171;
148084317 ;145;122.0;4381.0;5270.0;-2455.0;407.0;981.0;-18.0;-154.0;-106.0;195;113;
148084334 ;147;-470.0;-94.0;3987.0;-2857.0;2385.0;964.0;-25.0;-153.0;-107.0;244;250;
148084348 ;148;-1409.0;-619.0;2264.0;-2959.0;3518.0;886.0;-20.0;-142.0;-110.0;63;51;
148084371 ;150;-3579.0;-1531.0;-339.0;-3015.0;4424.0;898.0;-15.0;-135.0;-115.0;96;8;
148084376 ;151;-4390.0;-1912.0;-2236.0;-2439.0;3937.0;902.0;-15.0;-135.0;-115.0;160;212;
148084387 ;152;-4951.0;-2125.0;-3378.0;-1601.0;3401.0;1134.0;-3.0;-127.0;-119.0;69;237;
148084406 ;154;-5622.0;-1605.0;-766.0;186.0;2147.0;917.0;10.0;-120.0;-122.0;62;174;
148084443 ;156;-4148.0;-817.0;1033.0;679.0;519.0;632.0;20.0;-124.0;-118.0;165;107;
148084451 ;158;-1231.0;757.0;3326.0;1473.0;-1290.0;713.0;16.0;-126.0;-118.0;144;96;
148084458 ;159;680.0;4142.0;4424.0;1229.0;-1371.0;127.0;16.0;-126.0;-118.0;19;137;
148084487 ;162;236.0;-245.0;4882.0;2663.0;1114.0;1335.0;9.0;-129.0;-117.0;3;109;
148084511 ;164;-3654.0;1932.0;7446.0;2655.0;2086.0;1451.0;11.0;-143.0;-113.0;143;101;
148084534 ;167;-8669.0;3588.0;11402.0;290.0;3330.0;481.0;17.0;-153.0;-111.0;181;247;
148084546 ;168;-7220.0;1404.0;9935.0;-903.0;3559.0;701.0;21.0;-153.0;-97.0;56;0;
148084554 ;169;-6044.0;-119.0;7126.0;-1690.0;1963.0;952.0;21.0;-153.0;-97.0;125;209;
148084596 ;171;-14094.0;-14.0;-1017.0;-1511.0;-355.0;-1755.0;27.0;-151.0;-99.0;110;254;
148084597 ;172;-12474.0;2739.0;-2139.0;-1170.0;-966.0;-2858.0;27.0;-153.0;-103.0;198;112;
148084601 ;5;-23576.0;26647.0;-30455.0;-26883.0;27891.0;7159.0;26368.0;-26113.0;31487.0;32;45;
148084615 ;175;654.0;4449.0;5406.0;-1862.0;-1480.0;-1018.0;37.0;-145.0;-103.0;31;219;
148084626 ;176;1944.0;1477.0;5453.0;-2685.0;-259.0;-1589.0;17.0;-139.0;-109.0;243;45;
148084634 ;177;2324.0;-1972.0;4522.0;-2448.0;1812.0;-1244.0;17.0;-139.0;-109.0;174;52;
148084656 ;179;139.0;-3327.0;1987.0;-2196.0;3719.0;-1084.0;24.0;-130.0;-112.0;1;255;
148084667 ;180;-554.0;-3282.0;896.0;-2025.0;3275.0;-850.0;35.0;-129.0;-113.0;20;66;
148084685 ;182;-392.0;-1934.0;-134.0;-1166.0;1130.0;104.0;42.0;-114.0;-114.0;192;176;
148084706 ;184;1275.0;-1412.0;1075.0;-716.0;-613.0;666.0;49.0;-107.0;-107.0;76;218;
148084744 ;185;1577.0;-1459.0;818.0;-484.0;-818.0;735.0;49.0;-107.0;-107.0;172;6;
148084748 ;187;1236.0;-877.0;1606.0;528.0;-1245.0;869.0;46.0;-114.0;-110.0;124;240;
148084749 ;188;1476.0;110.0;2350.0;674.0;-1211.0;1133.0;40.0;-108.0;-112.0;243;69;
148084757 ;10;14269.0;-23801.0;-13824.0;15625.0;-23549.0;-22789.0;10246.0;-27648.0;-28417.0;255;223;
148084765 ;190;911.0;-672.0;1999.0;1473.0;-744.0;2263.0;37.0;-117.0;-113.0;164;146;
148084774 ;191;-299.0;-1348.0;2159.0;2287.0;-339.0;2382.0;37.0;-117.0;-113.0;31;77;
148084808 ;194;-2927.0;1478.0;4666.0;3752.0;-735.0;3015.0;31.0;-135.0;-109.0;87;37;
148084827 ;196;-8051.0;3833.0;8728.0;2981.0;1151.0;1990.0;25.0;-145.0;-105.0;185;187;
148084834 ;197;-11119.0;5165.0;9820.0;2020.0;2359.0;967.0;25.0;-145.0;-105.0;41;17;
148084834 ;198;-9947.0;3943.0;7071.0;907.0;2558.0;512.0;23.0;-155.0;-101.0;202;66;
148084906 ;204;-472.0;6856.0;2856.0;426.0;-4142.0;35.0;14.0;-162.0;-98.0;200;186;
148084914 ;205;1969.0;6450.0;3890.0;-285.0;-1939.0;-309.0;14.0;-162.0;-98.0;82;52;
148084929 ;206;1908.0;4281.0;3910.0;-870.0;365.0;-1067.0;-6.0;-158.0;-108.0;82;160;
148084935 ;207;842.0;1829.0;3156.0;-859.0;2865.0;-1139.0;-6.0;-158.0;-108.0;36;48;
148084954 ;209;-1373.0;-535.0;1188.0;-184.0;4887.0;-596.0;3.0;-161.0;-101.0;59;51;
148084954 ;10;-29486.0;-19210.0;-26885.0;14083.0;18687.0;-22511.0;4861.0;25600.0;-24833.0;255;129;
148084974 ;211;-3121.0;-1688.0;668.0;-378.0;3438.0;-306.0;18.0;-156.0;-98.0;155;9;
148084987 ;212;-3843.0;-1925.0;1390.0;-338.0;2369.0;25.0;24.0;-160.0;-102.0;240;248;
148084994 ;213;-3600.0;-1502.0;2292.0;-177.0;1344.0;106.0;24.0;-160.0;-102.0;5;167;
148085046 ;215;-1072.0;-305.0;3120.0;-464.0;-270.0;153.0;36.0;-156.0;-96.0;178;96;
148085047 ;216;-713.0;-145.0;3312.0;-641.0;-570.0;285.0;39.0;-157.0;-95.0;38;20;
148085053 ;217;-452.0;-305.0;3378.0;-464.0;-639.0;411.0;39.0;-157.0;-95.0;186;242;
148085054 ;218;-76.0;-582.0;3805.0;-209.0;-834.0;693.0;34.0;-156.0;-100.0;24;208;
148085055 ;219;377.0;-934.0;3606.0;-25.0;-909.0;1163.0;34.0;-156.0;-100.0;253;245;
148085069 ;220;410.0;-839.0;3352.0;406.0;-920.0;1635.0;37.0;-159.0;-99.0;0;130;
148085075 ;221;-556.0;-149.0;3771.0;742.0;-514.0;1742.0;37.0;-159.0;-99.0;227;9;
148085088 ;222;-1878.0;611.0;4586.0;964.0;367.0;1545.0;26.0;-156.0;-104.0;100;124;
148085094 ;223;-4560.0;1489.0;5390.0;1079.0;1515.0;1133.0;26.0;-156.0;-104.0;208;182;
148085106 ;224;-7438.0;2463.0;6346.0;877.0;2709.0;352.0;22.0;-158.0;-98.0;236;228;
148085114 ;225;-9620.0;3390.0;6101.0;-35.0;3487.0;-440.0;22.0;-158.0;-98.0;106;96;
148085126 ;226;-11120.0;3295.0;5341.0;-907.0;3000.0;-708.0;32.0;-162.0;-94.0;215;177;
148085134 ;227;-11851.0;2378.0;3876.0;-749.0;1071.0;-700.0;32.0;-162.0;-94.0;187;101;
148085145 ;228;-13339.0;2338.0;827.0;-162.0;-1458.0;-1203.0;35.0;-163.0;-93.0;53;141;
148085158 ;229;-13284.0;2955.0;-38.0;-247.0;-3597.0;-2584.0;35.0;-163.0;-93.0;80;142;
148085196 ;230;-7491.0;3717.0;412.0;-586.0;-4913.0;-2614.0;37.0;-157.0;-93.0;53;55;
148085197 ;231;-4460.0;3410.0;570.0;-127.0;-5719.0;-1918.0;37.0;-157.0;-93.0;227;113;
148085198 ;232;-1916.0;3636.0;996.0;-143.0;-4266.0;-2208.0;29.0;-151.0;-101.0;226;44;
148085202 ;233;570.0;3923.0;2453.0;-620.0;-2261.0;-2424.0;29.0;-151.0;-101.0;159;31;
148085209 ;234;1694.0;2915.0;3464.0;-1070.0;-347.0;-2547.0;26.0;-150.0;-106.0;70;218;
148085214 ;235;1481.0;1262.0;2659.0;-1034.0;1577.0;-2345.0;26.0;-150.0;-106.0;71;107;
148085228 ;236;727.0;186.0;1703.0;-918.0;2553.0;-2156.0;26.0;-146.0;-104.0;103;225;
148085234 ;237;236.0;-393.0;1059.0;-842.0;2611.0;-1756.0;26.0;-146.0;-104.0;201;199;
148085246 ;238;799.0;-967.0;94.0;-751.0;1844.0;-1218.0;35.0;-141.0;-103.0;124;144;
148085254 ;239;1009.0;-1481.0;-564.0;-577.0;559.0;-521.0;35.0;-141.0;-103.0;21;103;
148085266 ;240;1336.0;-1715.0;-484.0;-332.0;-342.0;-166.0;43.0;-139.0;-101.0;163;207;
148085274 ;241;1634.0;-1731.0;-376.0;47.0;-867.0;-39.0;43.0;-139.0;-101.0;24;160;
148085286 ;242;1834.0;-1536.0;444.0;343.0;-1288.0;184.0;44.0;-134.0;-104.0;66;144;
148085298 ;243;1119.0;-1012.0;2173.0;561.0;-1358.0;321.0;44.0;-134.0;-104.0;106;242;
148085305 ;244;342.0;-438.0;3300.0;776.0;-983.0;352.0;45.0;-137.0;-107.0;117;165;
148085315 ;245;-297.0;-21.0;3782.0;784.0;-1170.0;519.0;45.0;-137.0;-107.0;110;102;
148085347 ;246;-909.0;397.0;4643.0;734.0;-1554.0;1023.0;34.0;-138.0;-108.0;69;25;
148085351 ;247;-944.0;653.0;4396.0;604.0;-1497.0;1703.0;34.0;-138.0;-108.0;143;33;
148085352 ;248;-1498.0;918.0;4363.0;546.0;-1230.0;2042.0;26.0;-148.0;-104.0;101;123;
148085356 ;249;-3284.0;876.0;5267.0;536.0;-536.0;1770.0;26.0;-148.0;-104.0;99;233;
148085367 ;250;-6133.0;879.0;6463.0;720.0;882.0;1012.0;19.0;-147.0;-107.0;50;198;
148085374 ;251;-8150.0;1626.0;7125.0;619.0;2711.0;17.0;19.0;-147.0;-107.0;177;135;
148085386 ;252;-7063.0;2222.0;6472.0;-559.0;3395.0;-103.0;25.0;-151.0;-101.0;91;67;
148085394 ;253;-8525.0;1621.0;4375.0;-899.0;1698.0;269.0;25.0;-151.0;-101.0;133;45;
148085406 ;254;-12078.0;1942.0;2310.0;-510.0;-155.0;-159.0;31.0;-145.0;-109.0;89;83;
148085415 ;255;-11290.0;3706.0;1322.0;-636.0;-1422.0;-1435.0;31.0;-145.0;-109.0;4;54;
148085426 ;0;-7999.0;4148.0;980.0;-434.0;-3062.0;-1322.0;32.0;-148.0;-106.0;32;64;
148085438 ;1;-5907.0;3319.0;1751.0;-520.0;-2808.0;-1930.0;32.0;-148.0;-106.0;96;168;
148085446 ;2;-3237.0;2143.0;2959.0;-750.0;-2002.0;-2434.0;29.0;-141.0;-107.0;71;25;
148085454 ;3;-1857.0;848.0;3956.0;-797.0;-636.0;-2246.0;29.0;-141.0;-107.0;110;22;
148085498 ;4;-2121.0;547.0;4347.0;-924.0;479.0;-2193.0;28.0;-138.0;-110.0;212;130;
148085501 ;5;-2257.0;-130.0;4364.0;-1015.0;1104.0;-2398.0;28.0;-138.0;-110.0;2;102;
148085502 ;6;-2326.0;-392.0;3927.0;-1081.0;1519.0;-2319.0;26.0;-134.0;-108.0;175;203;
148085509 ;7;-2005.0;-405.0;3614.0;-1217.0;934.0;-2139.0;26.0;-134.0;-108.0;142;188;
148085510 ;8;-1492.0;-711.0;3008.0;-1405.0;109.0;-1988.0;32.0;-130.0;-112.0;163;229;
148085514 ;9;-294.0;-1055.0;2177.0;-1523.0;-505.0;-1764.0;32.0;-130.0;-112.0;189;177;
148085526 ;10;1575.0;-1379.0;1011.0;-1513.0;-1253.0;-1269.0;35.0;-117.0;-115.0;84;78;
148085534 ;11;3179.0;-1953.0;-35.0;-1388.0;-1928.0;-553.0;35.0;-117.0;-115.0;234;34;
148085546 ;12;4004.0;-2662.0;-464.0;-1090.0;-2256.0;-49.0;37.0;-117.0;-113.0;145;191;
148085554 ;13;3640.0;-3107.0;-199.0;-437.0;-2126.0;3.0;37.0;-117.0;-113.0;183;43;
148085566 ;14;2463.0;-2892.0;1212.0;625.0;-1535.0;-61.0;31.0;-117.0;-121.0;167;237;
148085578 ;15;782.0;-1691.0;3249.0;1338.0;-999.0;-141.0;31.0;-117.0;-121.0;90;76;
148085586 ;16;-51.0;-506.0;4244.0;1328.0;-873.0;65.0;26.0;-118.0;-116.0;229;119;
148085594 ;17;-127.0;134.0;4096.0;1195.0;-887.0;1045.0;26.0;-118.0;-116.0;204;4;
148085607 ;18;179.0;141.0;3813.0;1070.0;-752.0;2033.0;22.0;-112.0;-114.0;216;212;
148085615 ;246;19197.0;5641.0;-28672.0;-28929.0;-32001.0;2592.0;-18156.0;-14852.0;-24324.0;19;235;
148085635 ;21;-3858.0;193.0;7055.0;1401.0;1530.0;1454.0;23.0;-125.0;-119.0;217;65;
148085647 ;22;-7490.0;1681.0;8542.0;856.0;3524.0;562.0;19.0;-127.0;-115.0;117;53;
148085654 ;23;-11199.0;2773.0;8588.0;-527.0;4841.0;-225.0;19.0;-127.0;-115.0;8;210;
148085666 ;24;-13964.0;2343.0;5986.0;-1764.0;4125.0;-910.0;21.0;-131.0;-113.0;247;85;
148085686 ;26;-15259.0;2763.0;451.0;48.0;-3008.0;-1722.0;37.0;-123.0;-109.0;228;154;
