147731625 ;2;-1168.0;3931.0;645.0;-15.0;66.0;32.0;-22.0;-208.0;-40.0;201;225;
147731631 ;3;-1194.0;3920.0;616.0;-18.0;62.0;29.0;-22.0;-208.0;-40.0;126;126;
147731694 ;4;-1183.0;3906.0;648.0;-18.0;58.0;25.0;-20.0;-204.0;-36.0;158;186;
147731696 ;5;-1188.0;3932.0;625.0;-16.0;58.0;23.0;-20.0;-204.0;-36.0;157;113;
147731697 ;6;-1190.0;3900.0;639.0;-19.0;55.0;19.0;-13.0;-211.0;-37.0;127;15;
147731703 ;7;-1172.0;3913.0;632.0;-18.0;49.0;16.0;-13.0;-211.0;-37.0;144;76;
147731705 ;8;-1198.0;3920.0;652.0;-17.0;49.0;15.0;-18.0;-204.0;-38.0;147;139;
147731712 ;9;-1179.0;3891.0;642.0;-20.0;48.0;12.0;-18.0;-204.0;-38.0;121;209;
147731714 ;10;-1179.0;3910.0;621.0;-21.0;43.0;15.0;-18.0;-202.0;-44.0;113;91;
147731715 ;11;-1182.0;3903.0;654.0;-21.0;46.0;19.0;-18.0;-202.0;-44.0;144;222;
147731722 ;12;-1167.0;3922.0;650.0;-22.0;45.0;19.0;-18.0;-212.0;-40.0;167;183;
147731731 ;13;-1161.0;3922.0;649.0;-18.0;44.0;22.0;-18.0;-212.0;-40.0;179;179;
147731765 ;14;-1170.0;3909.0;636.0;-23.0;41.0;25.0;-18.0;-208.0;-38.0;146;88;
147731767 ;15;-1197.0;3928.0;624.0;-20.0;40.0;26.0;-18.0;-208.0;-38.0;130;114;
147731768 ;16;-1160.0;3926.0;654.0;-17.0;38.0;24.0;-15.0;-203.0;-41.0;200;174;
147731773 ;17;-1158.0;3918.0;608.0;-17.0;37.0;26.0;-15.0;-203.0;-41.0;150;90;
147731782 ;18;-1169.0;3926.0;641.0;-16.0;42.0;28.0;-14.0;-200.0;-42.0;192;172;
147731791 ;19;-1138.0;3923.0;612.0;-15.0;43.0;29.0;-14.0;-200.0;-42.0;195;173;
147731845 ;20;-1147.0;3929.0;642.0;-13.0;45.0;29.0;-12.0;-206.0;-40.0;225;75;
147731847 ;21;-1192.0;3926.0;660.0;-14.0;43.0;32.0;-12.0;-206.0;-40.0;196;180;
147731852 ;22;-1192.0;3940.0;657.0;-15.0;40.0;30.0;-20.0;-206.0;-40.0;194;166;
147731854 ;23;-1173.0;3947.0;637.0;-13.0;37.0;34.0;-20.0;-206.0;-40.0;204;68;
147731855 ;24;-1191.0;3944.0;638.0;-13.0;32.0;36.0;-17.0;-205.0;-35.0;191;125;
147731860 ;25;-1167.0;3946.0;619.0;-14.0;31.0;35.0;-17.0;-205.0;-35.0;196;122;
147731863 ;26;-1187.0;3951.0;657.0;-13.0;25.0;33.0;-19.0;-203.0;-37.0;211;173;
147731871 ;27;-1197.0;3953.0;608.0;-13.0;21.0;34.0;-19.0;-203.0;-37.0;152;66;
147731902 ;28;-1179.0;3944.0;615.0;-14.0;21.0;29.0;-15.0;-207.0;-37.0;163;75;
147731905 ;29;-1200.0;3930.0;616.0;-11.0;16.0;30.0;-15.0;-207.0;-37.0;129;67;
147731906 ;30;-1181.0;3931.0;657.0;-12.0;12.0;26.0;-15.0;-203.0;-43.0;180;152;
147731911 ;31;-1179.0;3907.0;624.0;-10.0;11.0;27.0;-15.0;-203.0;-43.0;128;98;
147731942 ;32;-1188.0;3930.0;637.0;-9.0;14.0;27.0;-19.0;-209.0;-43.0;150;114;
147731945 ;33;-1180.0;3914.0;657.0;-6.0;14.0;28.0;-19.0;-209.0;-43.0;167;189;
147731946 ;34;-1164.0;3910.0;609.0;-10.0;15.0;28.0;-14.0;-198.0;-40.0;148;88;
147731951 ;35;-1179.0;3902.0;636.0;-8.0;14.0;32.0;-14.0;-198.0;-40.0;158;30;
147731995 ;36;-1165.0;3914.0;613.0;-9.0;15.0;32.0;-23.0;-207.0;-35.0;149;121;
147731997 ;37;-1174.0;3904.0;634.0;-8.0;16.0;35.0;-23.0;-207.0;-35.0;157;103;
147731998 ;38;-1174.0;3915.0;652.0;-5.0;13.0;36.0;-18.0;-204.0;-38.0;193;133;
147732002 ;39;-1173.0;3905.0;629.0;-8.0;18.0;35.0;-18.0;-204.0;-38.0;163;109;
147732003 ;40;-1190.0;3911.0;632.0;-9.0;18.0;36.0;-18.0;-206.0;-38.0;154;86;
147732012 ;41;-1175.0;3892.0;610.0;-7.0;16.0;38.0;-18.0;-206.0;-38.0;131;3;
147732296 ;42;-1195.0;3916.0;646.0;-8.0;15.0;36.0;-16.0;-208.0;-40.0;184;162;
147732297 ;44;-1161.0;3926.0;642.0;-11.0;13.0;35.0;-16.0;-208.0;-38.0;206;146;
147732307 ;46;-1173.0;3928.0;619.0;-14.0;22.0;32.0;-19.0;-207.0;-33.0;180;109;
147732309 ;48;-1173.0;3907.0;643.0;-12.0;19.0;33.0;-22.0;-212.0;-42.0;178;145;
147732314 ;50;-1168.0;3939.0;603.0;-15.0;16.0;35.0;-15.0;-209.0;-39.0;223;99;
147732315 ;52;-1165.0;3936.0;624.0;-9.0;11.0;35.0;-18.0;-210.0;-40.0;247;76;
147732317 ;54;-1137.0;3933.0;611.0;-7.0;12.0;35.0;-19.0;-209.0;-35.0;219;146;
147732318 ;56;-1150.0;3950.0;595.0;-7.0;20.0;33.0;-17.0;-205.0;-43.0;216;158;
147732319 ;58;-1170.0;3949.0;609.0;-8.0;24.0;39.0;-19.0;-209.0;-37.0;249;90;
147732319 ;60;-1180.0;3952.0;658.0;-10.0;24.0;40.0;-18.0;-204.0;-38.0;5;160;
147732319 ;62;-1157.0;3946.0;632.0;-16.0;21.0;38.0;-15.0;-203.0;-37.0;210;87;
147732320 ;64;-1162.0;3934.0;661.0;-19.0;24.0;31.0;-20.0;-206.0;-38.0;203;207;
147732320 ;66;-1181.0;3927.0;636.0;-20.0;22.0;30.0;-19.0;-203.0;-41.0;175;61;
147732321 ;68;-1176.0;3914.0;653.0;-18.0;25.0;30.0;-17.0;-203.0;-35.0;197;217;
147732321 ;70;-1149.0;3915.0;649.0;-21.0;26.0;31.0;-16.0;-208.0;-38.0;237;47;
147732326 ;71;-1178.0;3920.0;617.0;-18.0;25.0;33.0;-16.0;-208.0;-38.0;186;8;
147732328 ;72;-1172.0;3917.0;654.0;-18.0;22.0;34.0;-15.0;-203.0;-37.0;232;254;
147732332 ;73;-1174.0;3895.0;624.0;-22.0;22.0;32.0;-15.0;-203.0;-37.0;173;123;
147732351 ;74;-1177.0;3901.0;622.0;-19.0;18.0;33.0;-19.0;-203.0;-33.0;175;123;
147732352 ;75;-1181.0;3906.0;627.0;-16.0;17.0;31.0;-19.0;-203.0;-33.0;182;60;
147732362 ;76;-1174.0;3914.0;631.0;-17.0;18.0;30.0;-15.0;-203.0;-39.0;199;57;
147732371 ;77;-1166.0;3896.0;615.0;-20.0;21.0;28.0;-15.0;-203.0;-39.0;172;68;
147732403 ;78;-1173.0;3911.0;619.0;-21.0;24.0;28.0;-18.0;-208.0;-40.0;178;60;
147732406 ;79;-1141.0;3926.0;636.0;-18.0;25.0;26.0;-18.0;-208.0;-40.0;245;217;
147732412 ;80;-1166.0;3932.0;647.0;-21.0;25.0;27.0;-19.0;-209.0;-37.0;237;213;
147732414 ;81;-1151.0;3927.0;647.0;-21.0;25.0;29.0;-19.0;-209.0;-37.0;250;42;
147732447 ;82;-1158.0;3935.0;657.0;-19.0;24.0;31.0;-12.0;-202.0;-38.0;22;200;
147732449 ;83;-1154.0;3931.0;617.0;-20.0;23.0;32.0;-12.0;-202.0;-38.0;238;0;
147732450 ;84;-1135.0;3943.0;606.0;-22.0;22.0;33.0;-16.0;-204.0;-34.0;255;231;
147732453 ;85;-1151.0;3933.0;625.0;-21.0;26.0;35.0;-16.0;-204.0;-34.0;0;236;
147732485 ;86;-1135.0;3944.0;639.0;-17.0;28.0;35.0;-17.0;-207.0;-39.0;39;219;
147732487 ;87;-1151.0;3930.0;628.0;-21.0;27.0;33.0;-17.0;-207.0;-39.0;248;242;
147732489 ;88;-1152.0;3936.0;641.0;-18.0;25.0;34.0;-13.0;-205.0;-41.0;17;39;
147732492 ;89;-1166.0;3953.0;617.0;-17.0;22.0;33.0;-13.0;-205.0;-41.0;250;32;
147732524 ;90;-1157.0;3947.0;618.0;-15.0;22.0;35.0;-7.0;-207.0;-39.0;9;41;
147732526 ;91;-1182.0;3934.0;644.0;-14.0;22.0;35.0;-7.0;-207.0;-39.0;255;233;
147732527 ;92;-1159.0;3933.0;654.0;-15.0;24.0;35.0;-14.0;-206.0;-40.0;26;248;
147732536 ;93;-1148.0;3951.0;660.0;-14.0;23.0;33.0;-14.0;-206.0;-40.0;60;34;
147732542 ;94;-1158.0;3933.0;642.0;-12.0;22.0;35.0;-15.0;-207.0;-37.0;19;253;
147732551 ;95;-1163.0;3950.0;633.0;-12.0;20.0;35.0;-15.0;-207.0;-37.0;21;57;
147732599 ;96;-1154.0;3939.0;646.0;-16.0;20.0;35.0;-15.0;-205.0;-41.0;27;245;
147732601 ;97;-1193.0;3931.0;643.0;-14.0;19.0;34.0;-15.0;-205.0;-41.0;234;228;
147732606 ;98;-1172.0;3922.0;683.0;-16.0;20.0;35.0;-17.0;-205.0;-39.0;31;233;
147732607 ;99;-1157.0;3926.0;611.0;-15.0;18.0;33.0;-17.0;-205.0;-39.0;232;54;
147732612 ;100;-1186.0;3923.0;663.0;-14.0;14.0;33.0;-16.0;-206.0;-34.0;255;227;
147732613 ;101;-1196.0;3918.0;626.0;-15.0;10.0;30.0;-16.0;-206.0;-34.0;196;40;
147732642 ;102;-1160.0;3943.0;645.0;-15.0;10.0;32.0;-21.0;-205.0;-41.0;12;244;
147732645 ;103;-1179.0;3922.0;624.0;-18.0;9.0;32.0;-21.0;-205.0;-41.0;204;52;
147732646 ;104;-1174.0;3900.0;667.0;-17.0;9.0;29.0;-11.0;-205.0;-35.0;245;153;
147732651 ;105;-1170.0;3902.0;615.0;-20.0;10.0;27.0;-11.0;-205.0;-35.0;196;100;
147732680 ;106;-1182.0;3907.0;662.0;-16.0;8.0;27.0;-14.0;-204.0;-42.0;230;242;
147732683 ;107;-1169.0;3906.0;648.0;-14.0;10.0;32.0;-14.0;-204.0;-42.0;238;218;
147732683 ;108;-1167.0;3942.0;656.0;-17.0;12.0;33.0;-20.0;-202.0;-36.0;31;243;
147732691 ;109;-1165.0;3923.0;596.0;-20.0;13.0;39.0;-20.0;-202.0;-36.0;215;5;
147732749 ;110;-1172.0;3901.0;646.0;-13.0;9.0;38.0;-13.0;-203.0;-47.0;234;174;
147732751 ;111;-1160.0;3911.0;638.0;-10.0;5.0;36.0;-13.0;-203.0;-47.0;246;50;
147732756 ;112;-1188.0;3926.0;612.0;-10.0;5.0;35.0;-17.0;-207.0;-39.0;207;21;
147732757 ;113;-1145.0;3913.0;639.0;-9.0;4.0;37.0;-17.0;-207.0;-39.0;11;205;
147732764 ;114;-1145.0;3924.0;607.0;-9.0;5.0;38.0;-17.0;-205.0;-41.0;249;253;
147732765 ;115;-1161.0;3946.0;640.0;-6.0;3.0;39.0;-17.0;-205.0;-41.0;35;231;
147732766 ;116;-1159.0;3956.0;601.0;-5.0;-6.0;45.0;-17.0;-207.0;-39.0;6;40;
147732771 ;117;-1163.0;3940.0;641.0;-4.0;-13.0;48.0;-17.0;-207.0;-39.0;24;254;
147732799 ;118;-1154.0;3955.0;632.0;-4.0;-25.0;52.0;-16.0;-202.0;-38.0;39;19;
147732801 ;119;-1176.0;3961.0;652.0;0.0;-35.0;57.0;-16.0;-202.0;-38.0;44;206;
147732803 ;120;-1168.0;3981.0;626.0;0.0;-41.0;57.0;-16.0;-206.0;-40.0;35;223;
147732831 ;121;-1143.0;3962.0;652.0;-2.0;-47.0;57.0;-16.0;-206.0;-40.0;59;41;
147732833 ;122;-1168.0;3958.0;661.0;-2.0;-50.0;53.0;-14.0;-208.0;-40.0;33;213;
147732835 ;123;-1159.0;3980.0;648.0;0.0;-53.0;50.0;-14.0;-208.0;-40.0;49;57;
147732842 ;124;-1153.0;3942.0;659.0;0.0;-53.0;48.0;-19.0;-207.0;-41.0;22;218;
147732851 ;125;-1160.0;3987.0;644.0;1.0;-57.0;44.0;-19.0;-207.0;-41.0;39;47;
147732900 ;126;-1154.0;3977.0;676.0;4.0;-59.0;45.0;-17.0;-211.0;-35.0;74;2;
147732902 ;127;-1155.0;3981.0;643.0;1.0;-62.0;45.0;-17.0;-211.0;-35.0;39;33;
147732903 ;128;-1150.0;3968.0;668.0;2.0;-57.0;41.0;-14.0;-208.0;-38.0;62;54;
147732909 ;129;-1141.0;3973.0;607.0;-1.0;-55.0;44.0;-14.0;-208.0;-38.0;17;241;
147732911 ;130;-1157.0;3976.0;657.0;-3.0;-49.0;41.0;-21.0;-205.0;-39.0;51;217;
147732915 ;131;-1153.0;3938.0;626.0;-6.0;-51.0;41.0;-21.0;-205.0;-39.0;238;208;
147732922 ;132;-1105.0;3934.0;629.0;-8.0;-51.0;41.0;-18.0;-208.0;-38.0;29;59;
147732931 ;133;-1100.0;3912.0;639.0;-8.0;-44.0;38.0;-18.0;-208.0;-38.0;27;43;
147732959 ;134;-1111.0;3881.0;653.0;-5.0;-35.0;39.0;-18.0;-204.0;-42.0;13;165;
147732961 ;135;-1095.0;3898.0;676.0;-6.0;-17.0;37.0;-18.0;-204.0;-42.0;85;191;
147732962 ;136;-1102.0;3901.0;684.0;-3.0;0.0;36.0;-20.0;-206.0;-38.0;110;170;
147732971 ;137;-1124.0;3899.0;661.0;-8.0;13.0;36.0;-20.0;-206.0;-38.0;72;178;
147732997 ;138;-1126.0;3923.0;660.0;-6.0;17.0;37.0;-21.0;-205.0;-35.0;104;192;
147733000 ;139;-1141.0;3877.0;656.0;-9.0;16.0;39.0;-21.0;-205.0;-35.0;38;172;
147733007 ;140;-1158.0;3932.0;645.0;-12.0;10.0;39.0;-21.0;-207.0;-41.0;49;39;
147733011 ;141;-1152.0;3919.0;652.0;-12.0;-2.0;41.0;-21.0;-207.0;-41.0;39;195;
147733051 ;142;-1148.0;3896.0;657.0;-10.0;-10.0;42.0;-15.0;-201.0;-41.0;33;187;
147733053 ;143;-1144.0;3918.0;663.0;-12.0;-20.0;43.0;-15.0;-201.0;-41.0;55;223;
147733062 ;144;-1120.0;3910.0;669.0;-9.0;-23.0;39.0;-20.0;-200.0;-38.0;73;255;
147733065 ;145;-1127.0;3918.0;672.0;-8.0;-26.0;38.0;-20.0;-200.0;-38.0;75;243;
147733066 ;146;-1144.0;3927.0;671.0;-6.0;-30.0;38.0;-21.0;-207.0;-39.0;56;204;
147733077 ;147;-1143.0;3927.0;660.0;-2.0;-38.0;40.0;-21.0;-207.0;-39.0;45;245;
147733082 ;148;-1119.0;3950.0;653.0;2.0;-43.0;41.0;-26.0;-204.0;-36.0;88;250;
147733109 ;149;-1125.0;3945.0;666.0;1.0;-47.0;44.0;-26.0;-204.0;-36.0;89;211;
147733111 ;150;-1116.0;3941.0;655.0;3.0;-51.0;45.0;-18.0;-204.0;-38.0;89;231;
147733112 ;151;-1108.0;3953.0;640.0;5.0;-48.0;49.0;-18.0;-204.0;-38.0;104;242;
147733136 ;152;-1115.0;3963.0;680.0;5.0;-50.0;52.0;-19.0;-209.0;-35.0;146;210;
147733138 ;153;-1112.0;3961.0;656.0;7.0;-50.0;49.0;-19.0;-209.0;-35.0;123;227;
147733147 ;154;-1113.0;3960.0;656.0;9.0;-51.0;50.0;-21.0;-211.0;-41.0;114;238;
147733154 ;155;-1134.0;3973.0;654.0;8.0;-52.0;48.0;-21.0;-211.0;-41.0;101;59;
147733164 ;156;-1124.0;3976.0;672.0;10.0;-58.0;48.0;-24.0;-206.0;-44.0;128;6;
147733201 ;157;-1092.0;3955.0;666.0;11.0;-57.0;49.0;-24.0;-206.0;-44.0;137;231;
147733202 ;158;-1106.0;3960.0;671.0;11.0;-56.0;50.0;-20.0;-206.0;-42.0;142;242;
147733203 ;159;-1119.0;3951.0;656.0;7.0;-56.0;52.0;-20.0;-206.0;-42.0;104;238;
147733207 ;160;-1098.0;3968.0;690.0;5.0;-51.0;50.0;-19.0;-209.0;-35.0;183;29;
147733211 ;161;-1072.0;3950.0;673.0;5.0;-49.0;49.0;-19.0;-209.0;-35.0;176;134;
147733235 ;162;-1093.0;3950.0;709.0;3.0;-45.0;49.0;-19.0;-207.0;-35.0;196;142;
147733237 ;163;-1109.0;3951.0;694.0;4.0;-38.0;48.0;-19.0;-207.0;-35.0;174;226;
147733242 ;164;-1076.0;3943.0;666.0;2.0;-36.0;45.0;-19.0;-205.0;-43.0;163;177;
147733251 ;165;-1099.0;3923.0;664.0;-3.0;-32.0;48.0;-19.0;-205.0;-43.0;120;222;
147733261 ;166;-1117.0;3917.0;685.0;-4.0;-30.0;50.0;-22.0;-206.0;-42.0;118;228;
147733271 ;167;-1095.0;3930.0;674.0;2.0;-26.0;53.0;-22.0;-206.0;-42.0;157;229;
147733293 ;168;-1105.0;3937.0;687.0;2.0;-26.0;57.0;-21.0;-203.0;-41.0;177;193;
147733296 ;169;-1091.0;3929.0;674.0;0.0;-23.0;63.0;-21.0;-203.0;-41.0;178;236;
147733305 ;170;-1094.0;3896.0;692.0;1.0;-22.0;63.0;-21.0;-209.0;-35.0;163;141;
147733311 ;171;-1084.0;3922.0;673.0;6.0;-21.0;67.0;-21.0;-209.0;-35.0;191;247;
147733352 ;172;-1088.0;3912.0;661.0;8.0;-18.0;66.0;-24.0;-206.0;-40.0;165;203;
147733355 ;173;-1094.0;3934.0;642.0;14.0;-17.0;66.0;-24.0;-206.0;-40.0;170;182;
147733356 ;174;-1113.0;3944.0;670.0;15.0;-16.0;66.0;-19.0;-205.0;-37.0;201;155;
147733360 ;175;-1116.0;3932.0;651.0;10.0;-15.0;63.0;-19.0;-205.0;-37.0;161;193;
147733364 ;176;-1110.0;3928.0;706.0;15.0;-17.0;63.0;-20.0;-206.0;-36.0;221;129;
147733385 ;177;-1120.0;3953.0;671.0;12.0;-19.0;62.0;-20.0;-206.0;-36.0;196;254;
147733387 ;178;-1095.0;3967.0;694.0;11.0;-22.0;61.0;-22.0;-204.0;-36.0;254;192;
147733392 ;179;-1100.0;3961.0;663.0;8.0;-21.0;57.0;-22.0;-204.0;-36.0;207;237;
147733414 ;180;-1100.0;3975.0;670.0;12.0;-22.0;58.0;-18.0;-206.0;-38.0;233;31;
147733416 ;181;-1083.0;3972.0;670.0;8.0;-22.0;54.0;-18.0;-206.0;-38.0;240;100;
147733436 ;182;-1098.0;3957.0;682.0;11.0;-17.0;50.0;-23.0;-209.0;-41.0;216;196;
147733438 ;183;-1074.0;3952.0;684.0;9.0;-6.0;52.0;-23.0;-209.0;-41.0;249;175;
147733446 ;184;-1108.0;3990.0;697.0;9.0;-8.0;48.0;-19.0;-207.0;-37.0;15;33;
147733451 ;185;-1095.0;3957.0;664.0;4.0;-1.0;52.0;-19.0;-207.0;-37.0;225;249;
147733502 ;186;-1076.0;3959.0;688.0;-1.0;4.0;51.0;-21.0;-209.0;-35.0;12;188;
147733507 ;187;-1091.0;3948.0;643.0;3.0;1.0;46.0;-21.0;-209.0;-35.0;195;255;
147733509 ;188;-1095.0;3955.0;614.0;-1.0;4.0;45.0;-22.0;-208.0;-42.0;160;22;
147733516 ;189;-1106.0;3941.0;648.0;2.0;1.0;44.0;-22.0;-208.0;-42.0;170;254;
147733517 ;190;-1078.0;3929.0;652.0;-1.0;0.0;44.0;-23.0;-209.0;-37.0;189;179;
147733519 ;191;-1104.0;3936.0;666.0;7.0;-2.0;43.0;-23.0;-209.0;-37.0;190;230;
147733523 ;192;-1096.0;3934.0;653.0;5.0;-7.0;41.0;-22.0;-208.0;-40.0;174;160;
147733532 ;193;-1092.0;3927.0;645.0;7.0;-4.0;46.0;-22.0;-208.0;-40.0;174;164;
147733542 ;194;-1098.0;3925.0;670.0;9.0;1.0;40.0;-23.0;-207.0;-37.0;197;191;
147733551 ;195;-1095.0;3926.0;618.0;8.0;2.0;36.0;-23.0;-207.0;-37.0;146;72;
147733570 ;196;-1102.0;3933.0;671.0;8.0;3.0;39.0;-21.0;-209.0;-39.0;202;166;
147733572 ;197;-1112.0;3908.0;648.0;7.0;0.0;40.0;-21.0;-209.0;-39.0;142;176;
147733591 ;198;-1092.0;3898.0;601.0;5.0;5.0;40.0;-23.0;-201.0;-39.0;115;21;
147733593 ;199;-1095.0;3928.0;642.0;8.0;16.0;38.0;-23.0;-201.0;-39.0;196;190;
147733602 ;200;-1106.0;3924.0;640.0;10.0;21.0;37.0;-21.0;-201.0;-35.0;192;170;
147733611 ;201;-1125.0;3935.0;625.0;8.0;25.0;35.0;-21.0;-201.0;-35.0;170;108;
147733637 ;202;-1120.0;3930.0;648.0;4.0;29.0;36.0;-21.0;-205.0;-41.0;185;169;
147733640 ;203;-1107.0;3909.0;621.0;4.0;31.0;35.0;-21.0;-205.0;-41.0;152;90;
147733645 ;204;-1118.0;3936.0;628.0;7.0;30.0;33.0;-21.0;-207.0;-37.0;178;96;
147733654 ;205;-1089.0;3931.0;650.0;6.0;28.0;32.0;-21.0;-207.0;-37.0;221;187;
147733662 ;206;-1100.0;3952.0;662.0;4.0;26.0;28.0;-21.0;-203.0;-39.0;238;186;
147733671 ;207;-1102.0;3935.0;675.0;1.0;26.0;25.0;-21.0;-203.0;-39.0;227;167;
147733690 ;208;-1089.0;3946.0;684.0;0.0;30.0;22.0;-24.0;-210.0;-40.0;250;156;
147733692 ;209;-1109.0;3949.0;679.0;0.0;32.0;19.0;-24.0;-210.0;-40.0;228;190;
147733710 ;210;-1122.0;3952.0;664.0;-3.0;36.0;21.0;-23.0;-209.0;-35.0;213;175;
147733712 ;211;-1106.0;3958.0;681.0;-7.0;40.0;18.0;-23.0;-209.0;-35.0;250;166;
147733729 ;212;-1108.0;3966.0;678.0;-10.0;40.0;15.0;-19.0;-207.0;-39.0;250;168;
147733731 ;213;-1086.0;3935.0;613.0;-7.0;44.0;15.0;-19.0;-207.0;-39.0;184;46;
147733747 ;214;-1113.0;3977.0;669.0;-9.0;49.0;15.0;-20.0;-202.0;-38.0;8;112;
147733753 ;215;-1101.0;3959.0;663.0;-13.0;56.0;16.0;-20.0;-202.0;-38.0;1;131;
147733790 ;216;-1090.0;3958.0;646.0;-12.0;60.0;14.0;-20.0;-204.0;-40.0;250;140;
147733791 ;217;-1087.0;3943.0;631.0;-13.0;61.0;13.0;-20.0;-204.0;-40.0;223;23;
147733795 ;218;-1113.0;3966.0;643.0;-12.0;59.0;15.0;-19.0;-207.0;-33.0;239;159;
147733796 ;219;-1133.0;3985.0;600.0;-10.0;50.0;15.0;-19.0;-207.0;-33.0;189;149;
147733802 ;220;-1119.0;3980.0;657.0;-10.0;37.0;16.0;-24.0;-212.0;-38.0;229;97;
147733812 ;221;-1135.0;3964.0;629.0;-9.0;29.0;15.0;-24.0;-212.0;-38.0;162;98;
147733822 ;222;-1136.0;3945.0;632.0;-10.0;23.0;13.0;-20.0;-202.0;-42.0;147;99;
147733831 ;223;-1137.0;3905.0;632.0;-13.0;15.0;12.0;-20.0;-202.0;-42.0;95;73;
147733846 ;224;-1118.0;3918.0;589.0;-7.0;8.0;13.0;-15.0;-211.0;-37.0;86;102;
147733851 ;225;-1107.0;3935.0;621.0;2.0;4.0;10.0;-15.0;-211.0;-37.0;150;86;
147733866 ;226;-1091.0;3935.0;622.0;-2.0;4.0;11.0;-19.0;-205.0;-37.0;166;70;
147733871 ;227;-1124.0;3932.0;646.0;-2.0;2.0;14.0;-19.0;-205.0;-37.0;156;142;
147733885 ;228;-1109.0;3895.0;636.0;0.0;3.0;13.0;-22.0;-206.0;-34.0;127;47;
147733891 ;229;-1094.0;3918.0;651.0;1.0;3.0;15.0;-22.0;-206.0;-34.0;184;178;
147733905 ;230;-1087.0;3927.0;619.0;6.0;8.0;16.0;-21.0;-207.0;-37.0;177;39;
147733941 ;231;-1088.0;3907.0;631.0;5.0;16.0;15.0;-21.0;-207.0;-37.0;175;43;
147733942 ;232;-1073.0;3934.0;629.0;5.0;23.0;16.0;-20.0;-204.0;-40.0;225;45;
147733943 ;233;-1071.0;3904.0;608.0;4.0;33.0;16.0;-20.0;-204.0;-40.0;186;14;
147733952 ;234;-1083.0;3924.0;595.0;7.0;41.0;20.0;-21.0;-207.0;-41.0;192;60;
147733955 ;235;-1068.0;3933.0;637.0;3.0;48.0;24.0;-21.0;-207.0;-41.0;10;26;
147733962 ;236;-1064.0;3929.0;636.0;4.0;56.0;27.0;-22.0;-206.0;-34.0;29;19;
147733971 ;237;-1072.0;3916.0;616.0;4.0;61.0;27.0;-22.0;-206.0;-34.0;250;30;
147733988 ;238;-1059.0;3948.0;649.0;5.0;71.0;25.0;-21.0;-211.0;-37.0;75;179;
147733991 ;239;-1069.0;3947.0;655.0;3.0;83.0;26.0;-21.0;-211.0;-37.0;82;172;
147734005 ;240;-1096.0;3946.0;625.0;3.0;92.0;25.0;-21.0;-201.0;-41.0;39;61;
147734011 ;241;-1101.0;3966.0;629.0;-1.0;102.0;26.0;-21.0;-201.0;-41.0;65;29;
147734022 ;242;-1087.0;3994.0;658.0;-7.0;107.0;25.0;-13.0;-209.0;-37.0;139;107;
147734031 ;243;-1125.0;3967.0;627.0;-10.0;110.0;24.0;-13.0;-209.0;-37.0;43;63;
147734042 ;244;-1116.0;3987.0;631.0;-17.0;110.0;23.0;-18.0;-206.0;-38.0;66;248;
147734051 ;245;-1111.0;3993.0;653.0;-17.0;109.0;23.0;-18.0;-206.0;-38.0;99;7;
147734091 ;246;-1133.0;3983.0;624.0;-21.0;108.0;24.0;-24.0;-210.0;-34.0;29;193;
147734093 ;247;-1120.0;3995.0;642.0;-22.0;111.0;23.0;-24.0;-210.0;-34.0;74;24;
147734095 ;248;-1151.0;3974.0;628.0;-25.0;111.0;20.0;-16.0;-206.0;-36.0;13;213;
147734098 ;249;-1141.0;3981.0;670.0;-29.0;103.0;17.0;-16.0;-206.0;-36.0;58;54;
147734103 ;250;-1155.0;3988.0;624.0;-32.0;98.0;15.0;-24.0;-210.0;-38.0;238;46;
147734111 ;251;-1156.0;3963.0;623.0;-32.0;91.0;7.0;-24.0;-210.0;-38.0;197;239;
147734127 ;252;-1151.0;3944.0;650.0;-35.0;82.0;1.0;-21.0;-205.0;-39.0;200;204;
147734133 ;253;-1141.0;3933.0;627.0;-35.0;79.0;-3.0;-21.0;-205.0;-39.0;169;21;
147734145 ;254;-1144.0;3946.0;627.0;-34.0;72.0;-7.0;-22.0;-212.0;-36.0;165;57;
147734151 ;255;-1110.0;3939.0;600.0;-36.0;72.0;-7.0;-22.0;-212.0;-36.0;164;58;
147734162 ;0;-1113.0;3916.0;647.0;-36.0;71.0;-4.0;-23.0;-205.0;-37.0;193;41;
147734171 ;1;-1125.0;3921.0;597.0;-37.0;70.0;-5.0;-23.0;-205.0;-37.0;134;218;
147734184 ;2;-1112.0;3914.0;615.0;-35.0;67.0;2.0;-15.0;-207.0;-37.0;172;220;
147734192 ;3;-1114.0;3922.0;549.0;-34.0;67.0;5.0;-15.0;-207.0;-37.0;117;141;
147734203 ;4;-1094.0;3919.0;556.0;-31.0;67.0;10.0;-22.0;-206.0;-40.0;141;169;
147734242 ;5;-1098.0;3911.0;568.0;-27.0;70.0;16.0;-22.0;-206.0;-40.0;155;163;
147734243 ;6;-1099.0;3903.0;589.0;-24.0;74.0;23.0;-23.0;-207.0;-45.0;175;163;
147734250 ;7;-1110.0;3921.0;581.0;-22.0;80.0;25.0;-23.0;-207.0;-45.0;185;205;
147734251 ;8;-1109.0;3925.0;638.0;-19.0;84.0;26.0;-10.0;-208.0;-34.0;23;239;
147734255 ;9;-1105.0;3918.0;638.0;-19.0;90.0;28.0;-10.0;-208.0;-34.0;29;249;
147734267 ;10;-1100.0;3925.0;644.0;-18.0;94.0;30.0;-17.0;-205.0;-41.0;44;22;
147734272 ;11;-1119.0;3941.0;640.0;-18.0;98.0;33.0;-17.0;-205.0;-41.0;45;53;
147734284 ;12;-1125.0;3960.0;644.0;-21.0;104.0;36.0;-18.0;-204.0;-34.0;76;20;
147734292 ;13;-1129.0;3944.0;618.0;-22.0;105.0;36.0;-18.0;-204.0;-34.0;31;231;
147734302 ;14;-1140.0;3929.0;649.0;-25.0;108.0;38.0;-14.0;-206.0;-40.0;35;59;
147734311 ;15;-1144.0;3934.0;626.0;-23.0;109.0;36.0;-14.0;-206.0;-40.0;15;207;
147734322 ;16;-1135.0;3962.0;606.0;-23.0;105.0;36.0;-23.0;-201.0;-37.0;28;216;
147734331 ;17;-1166.0;3940.0;619.0;-29.0;99.0;39.0;-23.0;-201.0;-37.0;236;18;
147734342 ;18;-1169.0;3941.0;597.0;-28.0;94.0;35.0;-19.0;-207.0;-37.0;203;15;
147734355 ;19;-1160.0;3941.0;596.0;-26.0;87.0;37.0;-19.0;-207.0;-37.0;209;21;
147734394 ;20;-1186.0;3952.0;624.0;-27.0;82.0;33.0;-21.0;-209.0;-39.0;207;29;
147734395 ;21;-1184.0;3960.0;605.0;-24.0;72.0;32.0;-21.0;-209.0;-39.0;191;17;
147734396 ;22;-1196.0;3969.0;622.0;-25.0;62.0;32.0;-15.0;-205.0;-35.0;209;151;
147734400 ;23;-1170.0;3961.0;591.0;-22.0;52.0;31.0;-15.0;-205.0;-35.0;189;77;
147734407 ;24;-1181.0;3962.0;644.0;-19.0;44.0;28.0;-18.0;-202.0;-36.0;224;128;
147734425 ;26;-1176.0;3943.0;654.0;-23.0;33.0;22.0;-16.0;-206.0;-38.0;197;129;
147734431 ;27;-1186.0;3905.0;653.0;-24.0;28.0;17.0;-16.0;-206.0;-38.0;138;168;
147734442 ;28;-1157.0;3915.0;627.0;-20.0;26.0;15.0;-19.0;-199.0;-33.0;161;113;
147734451 ;29;-1144.0;3947.0;594.0;-21.0;26.0;14.0;-19.0;-199.0;-33.0;172;132;
147734462 ;30;-1150.0;3949.0;615.0;-21.0;25.0;17.0;-23.0;-211.0;-39.0;170;180;
147734471 ;31;-1139.0;3936.0;635.0;-26.0;23.0;19.0;-23.0;-211.0;-39.0;184;170;
147734482 ;32;-1138.0;3920.0;642.0;-24.0;26.0;20.0;-19.0;-211.0;-37.0;189;93;
147734495 ;33;-1137.0;3905.0;630.0;-19.0;30.0;19.0;-19.0;-211.0;-37.0;172;190;
147734502 ;34;-1123.0;3913.0;650.0;-20.0;41.0;21.0;-22.0;-206.0;-36.0;230;116;
147734511 ;35;-1099.0;3925.0;620.0;-19.0;51.0;22.0;-22.0;-206.0;-36.0;249;191;
147734544 ;36;-1120.0;3901.0;532.0;-18.0;58.0;24.0;-14.0;-206.0;-36.0;135;161;
147734547 ;37;-1142.0;3905.0;617.0;-17.0;61.0;28.0;-14.0;-206.0;-36.0;211;137;
147734550 ;38;-1155.0;3925.0;620.0;-16.0;57.0;37.0;-17.0;-207.0;-37.0;223;87;
147734555 ;39;-1160.0;3920.0;605.0;-11.0;51.0;37.0;-17.0;-207.0;-37.0;198;104;
147734564 ;40;-1176.0;3930.0;629.0;-12.0;43.0;42.0;-17.0;-205.0;-41.0;211;77;
147734571 ;41;-1176.0;3937.0;570.0;-15.0;34.0;42.0;-17.0;-205.0;-41.0;148;52;
147734582 ;42;-1183.0;3917.0;631.0;-15.0;29.0;40.0;-17.0;-207.0;-37.0;178;108;
147734591 ;43;-1174.0;3926.0;593.0;-15.0;23.0;37.0;-17.0;-207.0;-37.0;150;92;
147734602 ;44;-1195.0;3950.0;612.0;-16.0;19.0;31.0;-16.0;-206.0;-38.0;163;75;
147734611 ;45;-1186.0;3957.0;621.0;-20.0;12.0;28.0;-16.0;-206.0;-38.0;175;83;
147734622 ;46;-1184.0;3937.0;593.0;-18.0;8.0;22.0;-14.0;-206.0;-36.0;126;78;
147734635 ;47;-1177.0;3960.0;574.0;-17.0;1.0;16.0;-14.0;-206.0;-36.0;126;48;
147734642 ;48;-1165.0;3955.0;635.0;-20.0;0.0;14.0;-23.0;-205.0;-41.0;176;120;
147734651 ;49;-1152.0;3967.0;595.0;-18.0;-1.0;14.0;-23.0;-205.0;-41.0;162;172;
147734698 ;52;-1138.0;3969.0;600.0;-19.0;6.0;11.0;-12.0;-208.0;-38.0;201;65;
147734706 ;53;-1141.0;3946.0;592.0;-22.0;9.0;14.0;-12.0;-208.0;-38.0;171;171;
147734707 ;54;-1174.0;3963.0;596.0;-23.0;5.0;15.0;-14.0;-202.0;-38.0;160;82;
147734711 ;55;-1155.0;3946.0;612.0;-26.0;5.0;22.0;-14.0;-202.0;-38.0;183;115;
147734724 ;56;-1113.0;3941.0;630.0;-21.0;5.0;22.0;-20.0;-210.0;-40.0;228;178;
147734731 ;57;-1135.0;3954.0;605.0;-20.0;10.0;22.0;-20.0;-210.0;-40.0;201;177;
147734742 ;58;-1138.0;3937.0;595.0;-21.0;12.0;22.0;-15.0;-203.0;-31.0;194;142;
147734751 ;59;-1157.0;3913.0;611.0;-23.0;16.0;22.0;-15.0;-203.0;-31.0;170;124;
147734762 ;60;-1149.0;3920.0;596.0;-21.0;14.0;23.0;-18.0;-204.0;-38.0;161;149;
147734775 ;61;-1167.0;3943.0;619.0;-22.0;12.0;25.0;-18.0;-204.0;-38.0;189;99;
147734782 ;62;-1190.0;3931.0;633.0;-21.0;6.0;25.0;-15.0;-207.0;-37.0;165;117;
147734791 ;63;-1193.0;3931.0;624.0;-22.0;-2.0;26.0;-15.0;-207.0;-37.0;145;117;
147734804 ;64;-1158.0;3905.0;616.0;-21.0;-7.0;26.0;-14.0;-208.0;-34.0;146;36;
147734811 ;65;-1168.0;3908.0;615.0;-20.0;-12.0;24.0;-14.0;-208.0;-34.0;133;45;
147734845 ;66;-1178.0;3929.0;640.0;-19.0;-13.0;23.0;-21.0;-203.0;-39.0;162;208;
147734847 ;67;-1167.0;3912.0;631.0;-21.0;-14.0;18.0;-21.0;-203.0;-39.0;140;34;
147734848 ;68;-1163.0;3906.0;634.0;-21.0;-14.0;18.0;-12.0;-210.0;-40.0;143;35;
147734852 ;69;-1170.0;3908.0;620.0;-19.0;-14.0;17.0;-12.0;-210.0;-40.0;126;44;
147734864 ;70;-1154.0;3908.0;631.0;-18.0;-12.0;15.0;-19.0;-209.0;-39.0;150;38;
147734871 ;71;-1160.0;3917.0;635.0;-16.0;-10.0;15.0;-19.0;-209.0;-39.0;162;56;
147734883 ;72;-1119.0;3937.0;659.0;-18.0;-4.0;13.0;-18.0;-206.0;-34.0;3;37;
147734891 ;73;-1130.0;3946.0;653.0;-15.0;5.0;17.0;-18.0;-206.0;-34.0;13;3;
147734911 ;74;-1122.0;3957.0;633.0;-17.0;9.0;20.0;-16.0;-206.0;-40.0;14;236;
147734914 ;75;-1130.0;3946.0;627.0;-18.0;15.0;24.0;-16.0;-206.0;-40.0;255;251;
147734922 ;76;-1124.0;3952.0;648.0;-22.0;24.0;29.0;-16.0;-208.0;-40.0;41;3;
147734931 ;77;-1101.0;3945.0;655.0;-23.0;24.0;32.0;-16.0;-208.0;-40.0;67;13;
147734942 ;78;-1140.0;3968.0;644.0;-24.0;26.0;32.0;-12.0;-206.0;-42.0;46;216;
147734951 ;79;-1161.0;3954.0;645.0;-23.0;27.0;35.0;-12.0;-206.0;-42.0;18;210;
147734996 ;80;-1164.0;3950.0;627.0;-24.0;27.0;34.0;-20.0;-214.0;-36.0;238;46;
147734998 ;81;-1150.0;3953.0;614.0;-26.0;26.0;31.0;-20.0;-214.0;-36.0;237;225;
147735002 ;82;-1172.0;3948.0;623.0;-24.0;27.0;28.0;-17.0;-205.0;-41.0;227;5;
147735009 ;84;-1176.0;3949.0;626.0;-22.0;19.0;23.0;-18.0;-206.0;-38.0;219;23;
147735013 ;85;-1197.0;3935.0;632.0;-20.0;11.0;20.0;-18.0;-206.0;-38.0;182;8;
147735004 ;82;-1172.0;3948.0;623.0;-24.0;27.0;28.0;-17.0;-205.0;-41.0;227;5;
147735022 ;86;-1193.0;3907.0;619.0;-23.0;6.0;18.0;-19.0;-205.0;-41.0;133;1;
147735031 ;87;-1163.0;3921.0;661.0;-17.0;1.0;18.0;-19.0;-205.0;-41.0;221;207;
147735043 ;88;-1185.0;3947.0;615.0;-19.0;-3.0;18.0;-17.0;-207.0;-39.0;175;45;
147735075 ;90;-1152.0;3915.0;658.0;-19.0;5.0;17.0;-16.0;-206.0;-42.0;228;50;
147735076 ;91;-1140.0;3921.0;605.0;-21.0;10.0;14.0;-16.0;-206.0;-42.0;194;252;
147735081 ;92;-1168.0;3892.0;631.0;-19.0;15.0;15.0;-13.0;-207.0;-39.0;177;69;
147735092 ;93;-1176.0;3897.0;636.0;-16.0;16.0;18.0;-13.0;-207.0;-39.0;187;69;
147735107 ;94;-1151.0;3908.0;626.0;-16.0;20.0;22.0;-15.0;-209.0;-39.0;218;192;
147735113 ;95;-1159.0;3926.0;627.0;-16.0;22.0;26.0;-15.0;-209.0;-39.0;236;36;
147735148 ;96;-1136.0;3909.0;648.0;-16.0;19.0;29.0;-16.0;-206.0;-40.0;9;5;
147735149 ;97;-1153.0;3897.0;630.0;-14.0;18.0;29.0;-16.0;-206.0;-40.0;220;106;
147735182 ;251;-31898.0;14587.0;29711.0;-2046.0;11519.0;7168.0;-5888.0;12799.0;-9729.0;255;215;
147735224 ;105;-1183.0;3955.0;650.0;-9.0;28.0;39.0;-16.0;-202.0;-38.0;51;253;
147735225 ;106;-1192.0;3952.0;605.0;-8.0;24.0;37.0;-20.0;-208.0;-36.0;238;6;
147735232 ;107;-1195.0;3949.0;620.0;-11.0;22.0;38.0;-20.0;-208.0;-36.0;244;38;
147735252 ;108;-1183.0;3962.0;625.0;-11.0;21.0;34.0;-19.0;-205.0;-37.0;17;29;
147735253 ;109;-1206.0;3968.0;644.0;-13.0;21.0;27.0;-19.0;-205.0;-37.0;11;7;
147735264 ;110;-1181.0;3944.0;629.0;-13.0;18.0;21.0;-17.0;-207.0;-39.0;243;63;
147735299 ;111;-1183.0;3945.0;626.0;-14.0;13.0;15.0;-17.0;-207.0;-39.0;228;62;
147735300 ;112;-1189.0;3958.0;636.0;-13.0;10.0;13.0;-20.0;-206.0;-38.0;241;13;
147735305 ;113;-1186.0;3952.0;629.0;-13.0;8.0;10.0;-20.0;-206.0;-38.0;227;3;
147735306 ;114;-1152.0;3959.0;617.0;-10.0;7.0;13.0;-19.0;-207.0;-41.0;3;199;
147735311 ;115;-1134.0;3942.0;638.0;-13.0;8.0;13.0;-19.0;-207.0;-41.0;24;216;
147735322 ;116;-1138.0;3932.0;630.0;-15.0;12.0;16.0;-16.0;-208.0;-42.0;9;247;
147735335 ;117;-1152.0;3936.0;628.0;-13.0;18.0;20.0;-16.0;-208.0;-42.0;10;222;
147735351 ;10;31607.0;25595.0;24847.0;-4094.0;6143.0;6656.0;-4352.0;13311.0;-9217.0;255;221;
147735364 ;120;-1178.0;3916.0;634.0;-14.0;21.0;27.0;-17.0;-209.0;-39.0;239;17;
147735371 ;121;-1136.0;3911.0;658.0;-14.0;26.0;28.0;-17.0;-209.0;-39.0;51;13;
147735387 ;122;-1158.0;3906.0;647.0;-14.0;29.0;30.0;-21.0;-205.0;-37.0;21;235;
147735394 ;123;-1164.0;3895.0;618.0;-14.0;33.0;25.0;-21.0;-205.0;-37.0;231;71;
147735405 ;124;-1157.0;3898.0;642.0;-14.0;39.0;26.0;-13.0;-207.0;-45.0;15;189;
147735411 ;125;-1187.0;3932.0;648.0;-13.0;41.0;26.0;-13.0;-207.0;-45.0;29;249;
147735449 ;126;-1174.0;3937.0;667.0;-12.0;41.0;27.0;-17.0;-209.0;-39.0;69;237;
147735450 ;127;-1203.0;3933.0;654.0;-12.0;38.0;33.0;-17.0;-209.0;-39.0;27;215;
147735451 ;128;-1180.0;3918.0;654.0;-13.0;33.0;29.0;-21.0;-205.0;-39.0;26;54;
147735460 ;108;23291.0;-32497.0;-3582.0;8191.0;8192.0;-5376.0;13311.0;-9729.0;8959.0;32;175;
147735475 ;131;-1176.0;3912.0;654.0;-18.0;29.0;32.0;-17.0;-207.0;-39.0;23;37;
147735482 ;132;-1178.0;3930.0;650.0;-20.0;29.0;29.0;-13.0;-209.0;-37.0;35;5;
147735491 ;133;-1175.0;3913.0;621.0;-19.0;30.0;30.0;-13.0;-209.0;-37.0;252;254;
147735503 ;134;-1178.0;3908.0;651.0;-18.0;23.0;26.0;-21.0;-203.0;-37.0;7;21;
147735511 ;135;-1196.0;3946.0;609.0;-19.0;22.0;25.0;-21.0;-203.0;-37.0;239;227;
147735527 ;136;-1185.0;3930.0;634.0;-19.0;23.0;24.0;-17.0;-205.0;-39.0;4;204;
147735532 ;137;-1163.0;3947.0;626.0;-18.0;22.0;22.0;-17.0;-205.0;-39.0;34;210;
147735543 ;138;-1168.0;3944.0;638.0;-18.0;24.0;22.0;-13.0;-209.0;-33.0;47;211;
147735551 ;139;-1165.0;3955.0;650.0;-19.0;24.0;23.0;-13.0;-209.0;-33.0;74;60;
147735562 ;140;-1154.0;3938.0;650.0;-18.0;23.0;23.0;-15.0;-207.0;-39.0;63;49;
147735598 ;141;-1155.0;3951.0;652.0;-18.0;23.0;25.0;-15.0;-207.0;-39.0;80;54;
147735600 ;142;-1161.0;3955.0;676.0;-16.0;21.0;26.0;-13.0;-207.0;-37.0;108;20;
147735601 ;143;-1180.0;3950.0;633.0;-19.0;24.0;27.0;-13.0;-207.0;-37.0;43;215;
147735605 ;144;-1150.0;3938.0;651.0;-18.0;23.0;32.0;-16.0;-206.0;-38.0;82;230;
147735615 ;145;-1170.0;3935.0;626.0;-18.0;23.0;32.0;-16.0;-206.0;-38.0;35;207;
147735622 ;146;-1162.0;3953.0;652.0;-19.0;26.0;32.0;-12.0;-204.0;-34.0;100;12;
147735631 ;147;-1178.0;3933.0;660.0;-21.0;25.0;28.0;-12.0;-204.0;-34.0;66;16;
147735642 ;148;-1202.0;3940.0;691.0;-20.0;26.0;31.0;-15.0;-205.0;-41.0;75;45;
147735651 ;149;-1173.0;3929.0;633.0;-19.0;27.0;28.0;-15.0;-205.0;-41.0;35;253;
147735672 ;151;-1177.0;3919.0;640.0;-21.0;26.0;28.0;-15.0;-205.0;-39.0;29;21;
147735691 ;153;-1196.0;3916.0;646.0;-22.0;21.0;26.0;-18.0;-208.0;-42.0;254;54;
147735702 ;154;-1188.0;3903.0;635.0;-23.0;19.0;25.0;-16.0;-202.0;-42.0;243;173;
147735711 ;155;-1192.0;3888.0;652.0;-21.0;17.0;26.0;-16.0;-202.0;-42.0;243;83;
147735750 ;156;-1177.0;3921.0;656.0;-21.0;20.0;25.0;-18.0;-208.0;-36.0;40;2;
147735752 ;157;-1188.0;3923.0;631.0;-21.0;18.0;28.0;-18.0;-208.0;-36.0;8;222;
147735753 ;158;-1185.0;3907.0;655.0;-20.0;18.0;27.0;-18.0;-208.0;-42.0;14;60;
147735757 ;159;-1194.0;3905.0;649.0;-19.0;18.0;29.0;-18.0;-208.0;-42.0;1;55;
147735762 ;160;-1177.0;3889.0;646.0;-20.0;17.0;27.0;-12.0;-208.0;-42.0;2;88;
147735771 ;161;-1183.0;3891.0;616.0;-21.0;16.0;28.0;-12.0;-208.0;-42.0;224;178;
147735783 ;162;-1180.0;3911.0;645.0;-20.0;14.0;26.0;-13.0;-205.0;-35.0;27;61;
147735791 ;163;-1183.0;3904.0;650.0;-19.0;15.0;27.0;-13.0;-205.0;-35.0;26;48;
147735807 ;164;-1171.0;3925.0;661.0;-20.0;15.0;27.0;-19.0;-201.0;-41.0;62;32;
147735814 ;165;-1168.0;3931.0;644.0;-18.0;11.0;28.0;-19.0;-201.0;-41.0;54;34;
147735825 ;166;-1165.0;3923.0;665.0;-21.0;13.0;29.0;-12.0;-204.0;-44.0;72;44;
147735831 ;167;-1164.0;3927.0;670.0;-20.0;17.0;29.0;-12.0;-204.0;-44.0;88;50;
147735842 ;168;-1169.0;3945.0;674.0;-21.0;20.0;28.0;-17.0;-199.0;-43.0;108;48;
147735851 ;169;-1166.0;3937.0;683.0;-21.0;23.0;26.0;-17.0;-199.0;-43.0;114;40;
147735862 ;170;-1176.0;3938.0;662.0;-21.0;21.0;29.0;-16.0;-204.0;-42.0;83;27;
147735901 ;171;-1167.0;3941.0;642.0;-20.0;22.0;29.0;-16.0;-204.0;-42.0;78;20;
147735902 ;172;-1190.0;3948.0;667.0;-22.0;20.0;31.0;-21.0;-209.0;-37.0;81;35;
147735903 ;173;-1205.0;3934.0;654.0;-23.0;18.0;30.0;-21.0;-209.0;-37.0;36;16;
147735912 ;174;-1183.0;3940.0;677.0;-21.0;13.0;32.0;-11.0;-203.0;-41.0;99;3;
147735915 ;175;-1189.0;3936.0;649.0;-16.0;13.0;28.0;-11.0;-203.0;-41.0;63;55;
147735922 ;176;-1176.0;3964.0;675.0;-18.0;16.0;27.0;-12.0;-208.0;-42.0;124;44;
147735931 ;177;-1179.0;3922.0;628.0;-18.0;23.0;26.0;-12.0;-208.0;-42.0;39;223;
147735946 ;178;-1180.0;3928.0;672.0;-19.0;25.0;24.0;-24.0;-204.0;-40.0;82;26;
147735951 ;179;-1192.0;3914.0;601.0;-17.0;22.0;24.0;-24.0;-204.0;-40.0;241;193;
147735965 ;180;-1210.0;3914.0;688.0;-19.0;17.0;25.0;-19.0;-205.0;-43.0;50;58;
147735971 ;181;-1199.0;3910.0;661.0;-19.0;9.0;30.0;-19.0;-205.0;-43.0;28;26;
147735982 ;182;-1196.0;3921.0;672.0;-15.0;3.0;32.0;-13.0;-205.0;-39.0;64;4;
147735990 ;183;-1185.0;3914.0;674.0;-18.0;3.0;33.0;-13.0;-205.0;-39.0;69;9;
147736002 ;184;-1195.0;3897.0;660.0;-18.0;6.0;30.0;-18.0;-202.0;-42.0;24;100;
147736011 ;185;-1196.0;3937.0;674.0;-20.0;6.0;27.0;-18.0;-202.0;-42.0;73;13;
147736051 ;186;-1187.0;3903.0;656.0;-18.0;10.0;24.0;-20.0;-208.0;-36.0;32;104;
147736053 ;187;-1209.0;3905.0;637.0;-18.0;12.0;24.0;-20.0;-208.0;-36.0;252;230;
147736055 ;188;-1189.0;3910.0;624.0;-16.0;10.0;21.0;-17.0;-207.0;-37.0;9;231;
147736058 ;189;-1173.0;3899.0;628.0;-16.0;8.0;19.0;-17.0;-207.0;-37.0;15;171;
147736062 ;190;-1167.0;3914.0;662.0;-18.0;7.0;20.0;-17.0;-203.0;-39.0;71;49;
147736071 ;191;-1177.0;3921.0;634.0;-15.0;5.0;22.0;-17.0;-203.0;-39.0;44;206;
147736086 ;192;-1160.0;3897.0;638.0;-15.0;10.0;24.0;-15.0;-205.0;-39.0;49;219;
147736091 ;193;-1169.0;3905.0;649.0;-13.0;15.0;28.0;-15.0;-205.0;-39.0;71;65;
147736105 ;194;-1174.0;3926.0;687.0;-11.0;21.0;29.0;-17.0;-207.0;-39.0;131;119;
147736111 ;195;-1165.0;3940.0;662.0;-9.0;23.0;33.0;-17.0;-207.0;-39.0;138;88;
147736122 ;196;-1169.0;3929.0;688.0;-14.0;21.0;37.0;-17.0;-205.0;-39.0;149;89;
147736131 ;197;-1158.0;3913.0;647.0;-12.0;22.0;38.0;-17.0;-205.0;-39.0;108;108;
147736142 ;198;-1185.0;3912.0;645.0;-7.0;18.0;36.0;-16.0;-210.0;-44.0;69;77;
147736151 ;199;-1182.0;3938.0;636.0;-10.0;21.0;33.0;-16.0;-210.0;-44.0;87;175;
147736162 ;200;-1190.0;3937.0;651.0;-7.0;17.0;31.0;-21.0;-203.0;-37.0;100;86;
147736202 ;201;-1199.0;3955.0;650.0;-7.0;19.0;32.0;-21.0;-203.0;-37.0;112;114;
147736219 ;202;-1183.0;3944.0;664.0;-7.0;15.0;29.0;-18.0;-206.0;-38.0;124;106;
147736220 ;203;-1180.0;3923.0;625.0;-7.0;8.0;32.0;-18.0;-206.0;-38.0;64;134;
147736221 ;204;-1191.0;3941.0;663.0;-4.0;3.0;30.0;-15.0;-205.0;-43.0;105;77;
147736228 ;205;-1193.0;3923.0;633.0;-6.0;-3.0;32.0;-15.0;-205.0;-43.0;49;163;
147736236 ;206;-1189.0;3946.0;660.0;-3.0;-6.0;34.0;-15.0;-207.0;-39.0;108;116;
147736237 ;207;-1189.0;3915.0;616.0;-5.0;-9.0;35.0;-15.0;-207.0;-39.0;30;162;
147736245 ;208;-1194.0;3937.0;632.0;-3.0;-11.0;35.0;-17.0;-203.0;-33.0;72;146;
147736251 ;209;-1187.0;3917.0;645.0;-1.0;-10.0;33.0;-17.0;-203.0;-33.0;74;74;
147736262 ;210;-1184.0;3910.0;664.0;-2.0;-12.0;30.0;-17.0;-205.0;-35.0;80;90;
147736271 ;211;-1190.0;3920.0;647.0;2.0;-14.0;27.0;-17.0;-205.0;-35.0;68;104;
147736282 ;212;-1202.0;3903.0;651.0;3.0;-17.0;25.0;-13.0;-209.0;-41.0;34;12;
147736291 ;213;-1199.0;3910.0;668.0;4.0;-21.0;27.0;-13.0;-209.0;-41.0;61;125;
147736302 ;214;-1198.0;3922.0;651.0;7.0;-20.0;27.0;-12.0;-206.0;-34.0;73;105;
147736315 ;215;-1174.0;3912.0;649.0;6.0;-15.0;28.0;-12.0;-206.0;-34.0;91;83;
147736354 ;216;-1172.0;3897.0;668.0;7.0;-12.0;27.0;-19.0;-209.0;-39.0;86;62;
147736355 ;217;-1175.0;3884.0;671.0;4.0;-7.0;31.0;-19.0;-209.0;-39.0;80;38;
147736356 ;218;-1153.0;3896.0;650.0;6.0;-5.0;30.0;-14.0;-204.0;-40.0;106;54;
147736360 ;219;-1186.0;3894.0;634.0;4.0;-4.0;35.0;-14.0;-204.0;-40.0;60;208;
147736367 ;220;-1182.0;3884.0;626.0;2.0;-2.0;37.0;-14.0;-206.0;-42.0;45;243;
147736372 ;221;-1187.0;3911.0;656.0;5.0;-2.0;38.0;-14.0;-206.0;-42.0;102;64;
147736383 ;222;-1181.0;3929.0;608.0;4.0;1.0;40.0;-17.0;-207.0;-37.0;85;143;
147736391 ;223;-1176.0;3926.0;694.0;4.0;5.0;39.0;-17.0;-207.0;-37.0;177;87;
147736402 ;224;-1173.0;3922.0;696.0;4.0;5.0;39.0;-13.0;-205.0;-39.0;183;125;
147736411 ;225;-1175.0;3950.0;638.0;3.0;7.0;37.0;-13.0;-205.0;-39.0;151;131;
147736422 ;226;-1190.0;3930.0;652.0;3.0;6.0;34.0;-13.0;-203.0;-39.0;129;117;
147736431 ;227;-1185.0;3947.0;639.0;2.0;4.0;33.0;-13.0;-203.0;-39.0;135;179;
147736442 ;228;-1190.0;3959.0;659.0;3.0;0.0;33.0;-15.0;-203.0;-37.0;160;68;
147736455 ;229;-1182.0;3954.0;615.0;1.0;-3.0;29.0;-15.0;-203.0;-37.0;110;176;
147736462 ;230;-1172.0;3951.0;664.0;1.0;-4.0;29.0;-17.0;-203.0;-35.0;166;70;
147736471 ;231;-1179.0;3959.0;610.0;-1.0;-6.0;27.0;-17.0;-203.0;-35.0;107;173;
147736504 ;232;-1171.0;3958.0;661.0;-2.0;-3.0;27.0;-22.0;-202.0;-36.0;163;93;
147736507 ;233;-1155.0;3932.0;652.0;-4.0;0.0;27.0;-22.0;-202.0;-36.0;147;127;
147736513 ;235;-1169.0;3923.0;655.0;-7.0;12.0;28.0;-13.0;-205.0;-35.0;146;112;
147736509 ;233;-1155.0;3932.0;652.0;-4.0;0.0;27.0;-22.0;-202.0;-36.0;147;127;
147736523 ;236;-1170.0;3945.0;665.0;-5.0;15.0;32.0;-16.0;-204.0;-40.0;180;102;
147736531 ;237;-1164.0;3934.0;668.0;-9.0;18.0;30.0;-16.0;-204.0;-40.0;176;96;
147736544 ;238;-1176.0;3912.0;658.0;-8.0;20.0;34.0;-19.0;-203.0;-43.0;135;67;
147736551 ;239;-1177.0;3905.0;659.0;-10.0;21.0;37.0;-19.0;-203.0;-43.0;131;77;
147736562 ;240;-1210.0;3909.0;668.0;-10.0;22.0;38.0;-13.0;-209.0;-41.0;116;126;
147736571 ;241;-1196.0;3907.0;639.0;-15.0;24.0;38.0;-13.0;-209.0;-41.0;97;129;
147736595 ;243;-1175.0;3910.0;673.0;-12.0;31.0;34.0;-15.0;-203.0;-35.0;173;113;
147736611 ;245;-1200.0;3885.0;669.0;-13.0;33.0;36.0;-14.0;-206.0;-36.0;121;35;
147736655 ;246;-1174.0;3891.0;652.0;-8.0;31.0;36.0;-21.0;-203.0;-39.0;133;59;
147736657 ;247;-1192.0;3919.0;646.0;-6.0;35.0;38.0;-21.0;-203.0;-39.0;146;66;
147736659 ;248;-1203.0;3935.0;667.0;-8.0;33.0;42.0;-18.0;-202.0;-40.0;176;94;
147736666 ;249;-1208.0;3909.0;619.0;-8.0;36.0;46.0;-18.0;-202.0;-40.0;105;177;
147736667 ;250;-1185.0;3919.0;645.0;-6.0;35.0;44.0;-14.0;-206.0;-34.0;170;88;
147736672 ;251;-1191.0;3935.0;640.0;-7.0;36.0;45.0;-14.0;-206.0;-34.0;177;79;
147736683 ;252;-1192.0;3929.0;638.0;-9.0;33.0;43.0;-12.0;-208.0;-38.0;158;188;
147736691 ;253;-1212.0;3908.0;634.0;-9.0;34.0;41.0;-12.0;-208.0;-38.0;113;185;
147736702 ;254;-1218.0;3933.0;658.0;-6.0;30.0;37.0;-18.0;-204.0;-40.0;148;16;
147736711 ;255;-1208.0;3922.0;616.0;-5.0;23.0;35.0;-18.0;-204.0;-40.0;98;156;
147736723 ;0;-1204.0;3914.0;675.0;-3.0;14.0;34.0;-15.0;-205.0;-39.0;149;179;
147736733 ;1;-1212.0;3920.0;693.0;2.0;8.0;35.0;-15.0;-205.0;-39.0;167;177;
147736742 ;2;-1210.0;3922.0;639.0;5.0;-1.0;34.0;-16.0;-200.0;-40.0;113;125;
147736751 ;3;-1172.0;3918.0;637.0;6.0;-7.0;31.0;-16.0;-200.0;-40.0;138;112;
147736764 ;4;-1159.0;3920.0;674.0;4.0;-2.0;32.0;-13.0;-205.0;-39.0;194;144;
147736805 ;6;-1153.0;3942.0;718.0;1.0;16.0;36.0;-15.0;-209.0;-37.0;28;194;
147736806 ;7;-1165.0;3932.0;701.0;-1.0;27.0;33.0;-15.0;-209.0;-37.0;251;137;
147736807 ;8;-1201.0;3957.0;678.0;-8.0;36.0;36.0;-15.0;-209.0;-41.0;219;185;
147736811 ;9;-1209.0;3947.0;674.0;-11.0;44.0;36.0;-15.0;-209.0;-41.0;203;175;
147736843 ;10;-1220.0;3940.0;692.0;-19.0;48.0;35.0;-16.0;-204.0;-40.0;204;216;
147736843 ;11;-1226.0;3926.0;650.0;-22.0;47.0;33.0;-16.0;-204.0;-40.0;137;197;
147736844 ;12;-1249.0;3925.0;691.0;-26.0;42.0;28.0;-21.0;-205.0;-37.0;138;250;
147736851 ;13;-1234.0;3913.0;619.0;-24.0;34.0;27.0;-21.0;-205.0;-37.0;63;15;
147736862 ;14;-1270.0;3923.0;646.0;-24.0;24.0;23.0;-17.0;-201.0;-37.0;59;233;
147736875 ;15;-1247.0;3913.0;641.0;-27.0;13.0;25.0;-17.0;-201.0;-37.0;56;200;
147736882 ;16;-1242.0;3901.0;635.0;-23.0;0.0;21.0;-16.0;-204.0;-40.0;26;76;
147736893 ;17;-1249.0;3884.0;631.0;-19.0;-7.0;19.0;-16.0;-204.0;-40.0;249;109;
147736902 ;18;-1232.0;3882.0;623.0;-13.0;-15.0;19.0;-15.0;-209.0;-39.0;252;82;
147736911 ;19;-1198.0;3897.0;620.0;-7.0;-18.0;20.0;-15.0;-209.0;-39.0;47;51;
147736956 ;20;-1198.0;3889.0;611.0;-7.0;-23.0;22.0;-13.0;-207.0;-41.0;30;36;
147736959 ;21;-1190.0;3892.0;656.0;-1.0;-29.0;23.0;-13.0;-207.0;-41.0;88;214;
147736963 ;22;-1192.0;3898.0;659.0;1.0;-35.0;26.0;-20.0;-210.0;-38.0;89;229;
147736965 ;23;-1203.0;3885.0;619.0;7.0;-39.0;28.0;-20.0;-210.0;-38.0;30;26;
147736966 ;24;-1176.0;3902.0;630.0;10.0;-41.0;29.0;-18.0;-208.0;-42.0;88;44;
147736971 ;25;-1158.0;3903.0;648.0;11.0;-41.0;30.0;-18.0;-208.0;-42.0;128;194;
147736982 ;26;-1174.0;3924.0;627.0;16.0;-39.0;30.0;-14.0;-206.0;-38.0;130;70;
147736991 ;27;-1157.0;3922.0;657.0;16.0;-34.0;31.0;-14.0;-206.0;-38.0;182;180;
147737002 ;28;-1155.0;3909.0;676.0;13.0;-27.0;32.0;-17.0;-211.0;-45.0;181;133;
147737015 ;29;-1144.0;3944.0;648.0;11.0;-21.0;33.0;-17.0;-211.0;-45.0;205;121;
147737022 ;30;-1135.0;3935.0;670.0;12.0;-10.0;33.0;-16.0;-206.0;-40.0;251;83;
147737031 ;31;-1145.0;3950.0;670.0;12.0;-3.0;34.0;-16.0;-206.0;-40.0;9;125;
147737043 ;32;-1126.0;3938.0;654.0;11.0;5.0;36.0;-15.0;-199.0;-35.0;24;74;
147737051 ;33;-1167.0;3924.0;654.0;10.0;11.0;35.0;-15.0;-199.0;-35.0;230;158;
147737067 ;34;-1159.0;3941.0;652.0;12.0;14.0;38.0;-13.0;-207.0;-41.0;250;160;
147737107 ;36;-1172.0;3943.0;629.0;12.0;19.0;39.0;-13.0;-205.0;-45.0;222;82;
147737110 ;37;-1181.0;3940.0;632.0;13.0;16.0;39.0;-13.0;-205.0;-45.0;212;80;
147737114 ;38;-1174.0;3942.0;616.0;12.0;16.0;38.0;-15.0;-209.0;-43.0;200;80;
147737115 ;39;-1175.0;3932.0;637.0;11.0;13.0;39.0;-15.0;-209.0;-43.0;208;102;
147737122 ;40;-1185.0;3927.0;626.0;13.0;13.0;38.0;-15.0;-215.0;-37.0;184;84;
147737131 ;41;-1196.0;3914.0;631.0;12.0;13.0;39.0;-15.0;-215.0;-37.0;166;70;
147737144 ;42;-1204.0;3901.0;625.0;14.0;10.0;38.0;-13.0;-203.0;-41.0;148;58;
147737153 ;43;-1177.0;3921.0;618.0;12.0;11.0;37.0;-13.0;-203.0;-41.0;187;103;
147737162 ;44;-1206.0;3912.0;633.0;11.0;8.0;34.0;-18.0;-204.0;-42.0;151;89;
147737171 ;45;-1180.0;3913.0;655.0;12.0;4.0;31.0;-18.0;-204.0;-42.0;195;183;
147737183 ;46;-1210.0;3913.0;625.0;9.0;4.0;30.0;-16.0;-206.0;-36.0;138;126;
147737191 ;47;-1174.0;3907.0;648.0;9.0;6.0;31.0;-16.0;-206.0;-36.0;195;163;
147737207 ;48;-1191.0;3916.0;680.0;10.0;7.0;33.0;-17.0;-207.0;-41.0;217;139;
147737212 ;49;-1165.0;3912.0;647.0;6.0;7.0;31.0;-17.0;-207.0;-41.0;201;185;
147737223 ;50;-1167.0;3921.0;638.0;6.0;12.0;33.0;-13.0;-205.0;-41.0;213;115;
147737257 ;51;-1156.0;3897.0;614.0;5.0;15.0;34.0;-13.0;-205.0;-41.0;180;12;
147737258 ;52;-1168.0;3901.0;630.0;3.0;17.0;36.0;-17.0;-203.0;-35.0;195;29;
147737260 ;53;-1160.0;3908.0;631.0;2.0;22.0;37.0;-17.0;-203.0;-35.0;217;107;
147737263 ;54;-1172.0;3928.0;667.0;5.0;25.0;38.0;-18.0;-204.0;-36.0;10;134;
147737271 ;55;-1168.0;3916.0;645.0;4.0;27.0;40.0;-18.0;-204.0;-36.0;240;156;
147737282 ;56;-1158.0;3934.0;636.0;4.0;29.0;39.0;-18.0;-208.0;-34.0;3;125;
147737302 ;58;-1185.0;3924.0;615.0;4.0;28.0;42.0;-17.0;-205.0;-35.0;208;70;
147737311 ;59;-1175.0;3946.0;654.0;6.0;28.0;40.0;-17.0;-205.0;-35.0;24;166;
147737323 ;60;-1157.0;3915.0;613.0;5.0;33.0;42.0;-19.0;-205.0;-37.0;229;65;
147737331 ;61;-1178.0;3941.0;614.0;2.0;35.0;41.0;-19.0;-205.0;-37.0;234;118;
147737347 ;62;-1169.0;3929.0;631.0;0.0;43.0;37.0;-18.0;-208.0;-32.0;254;108;
147737352 ;63;-1168.0;3925.0;638.0;-1.0;38.0;34.0;-18.0;-208.0;-32.0;249;125;
147737363 ;64;-1169.0;3931.0;633.0;3.0;36.0;38.0;-17.0;-205.0;-33.0;4;44;
147737371 ;65;-1191.0;3966.0;652.0;10.0;32.0;38.0;-17.0;-205.0;-33.0;40;198;
147737409 ;66;-1163.0;3957.0;627.0;5.0;28.0;41.0;-16.0;-206.0;-38.0;24;58;
147737410 ;67;-1188.0;3939.0;610.0;6.0;17.0;43.0;-16.0;-206.0;-38.0;213;25;
147737411 ;68;-1191.0;3958.0;630.0;6.0;11.0;43.0;-19.0;-209.0;-39.0;237;3;
147737418 ;69;-1162.0;3943.0;585.0;5.0;14.0;40.0;-19.0;-209.0;-39.0;206;6;
147737422 ;70;-1144.0;3948.0;600.0;5.0;14.0;39.0;-17.0;-203.0;-39.0;252;246;
147737433 ;71;-1175.0;3945.0;595.0;4.0;15.0;38.0;-17.0;-203.0;-39.0;213;25;
147737441 ;72;-1166.0;3930.0;623.0;-2.0;16.0;38.0;-12.0;-204.0;-40.0;233;3;
147737451 ;73;-1197.0;3934.0;607.0;-4.0;17.0;38.0;-12.0;-204.0;-40.0;190;20;
147737471 ;74;-1161.0;3939.0;639.0;-2.0;14.0;37.0;-23.0;-207.0;-43.0;245;37;
147737472 ;75;-1170.0;3938.0;646.0;-1.0;9.0;37.0;-23.0;-207.0;-43.0;239;195;
147737486 ;76;-1181.0;3924.0;650.0;-1.0;7.0;37.0;-16.0;-206.0;-34.0;234;236;
147737491 ;77;-1150.0;3919.0;614.0;-4.0;6.0;39.0;-16.0;-206.0;-34.0;223;251;
147737505 ;78;-1161.0;3930.0;656.0;-6.0;8.0;38.0;-14.0;-210.0;-40.0;1;255;
147737511 ;79;-1168.0;3924.0;593.0;-4.0;11.0;38.0;-14.0;-210.0;-40.0;187;51;
147737522 ;80;-1157.0;3929.0;630.0;-7.0;12.0;36.0;-16.0;-204.0;-40.0;241;21;
147737559 ;81;-1153.0;3855.0;573.0;-8.0;16.0;37.0;-16.0;-204.0;-40.0;168;17;
147737560 ;82;-1153.0;3927.0;589.0;-9.0;18.0;37.0;-18.0;-206.0;-38.0;207;45;
147737561 ;83;-1166.0;3921.0;597.0;-10.0;18.0;38.0;-18.0;-206.0;-38.0;197;61;
147737565 ;84;-1152.0;3928.0;618.0;-9.0;18.0;40.0;-16.0;-206.0;-38.0;245;239;
147737573 ;85;-1166.0;3921.0;608.0;-10.0;19.0;38.0;-16.0;-206.0;-38.0;213;17;
147737582 ;86;-1165.0;3923.0;628.0;-15.0;17.0;39.0;-15.0;-209.0;-37.0;230;28;
147737591 ;87;-1158.0;3931.0;613.0;-12.0;22.0;40.0;-15.0;-209.0;-37.0;240;0;
147737603 ;88;-1160.0;3951.0;623.0;-13.0;24.0;40.0;-20.0;-208.0;-38.0;9;57;
147737611 ;89;-1163.0;3925.0;627.0;-16.0;22.0;42.0;-20.0;-208.0;-38.0;238;28;
147737627 ;90;-1150.0;3935.0;626.0;-17.0;20.0;41.0;-22.0;-206.0;-38.0;1;249;
147737633 ;91;-1163.0;3943.0;631.0;-19.0;20.0;41.0;-22.0;-206.0;-38.0;0;48;
147737645 ;92;-1152.0;3936.0;622.0;-15.0;23.0;38.0;-16.0;-208.0;-36.0;6;210;
147737651 ;93;-1159.0;3947.0;600.0;-17.0;21.0;38.0;-16.0;-208.0;-36.0;241;11;
147737662 ;94;-1161.0;3954.0;620.0;-16.0;23.0;37.0;-17.0;-207.0;-37.0;12;44;
147737671 ;95;-1141.0;3958.0;631.0;-15.0;22.0;37.0;-17.0;-207.0;-37.0;48;206;
147737710 ;96;-1151.0;3960.0;645.0;-15.0;22.0;39.0;-15.0;-207.0;-37.0;59;27;
147737711 ;97;-1165.0;3954.0;606.0;-15.0;20.0;38.0;-15.0;-207.0;-37.0;254;58;
147737715 ;98;-1143.0;3960.0;615.0;-18.0;17.0;43.0;-17.0;-205.0;-33.0;39;255;
147737716 ;99;-1132.0;3939.0;582.0;-14.0;17.0;43.0;-17.0;-205.0;-33.0;1;197;
147737722 ;100;-1122.0;3958.0;634.0;-18.0;18.0;44.0;-14.0;-206.0;-42.0;74;236;
147737731 ;101;-1134.0;3921.0;595.0;-17.0;23.0;43.0;-14.0;-206.0;-42.0;248;236;
147737743 ;102;-1163.0;3938.0;661.0;-20.0;29.0;44.0;-16.0;-210.0;-36.0;51;231;
147737751 ;103;-1158.0;3945.0;600.0;-20.0;29.0;43.0;-16.0;-210.0;-36.0;2;40;
147737767 ;104;-1159.0;3944.0;574.0;-18.0;34.0;43.0;-17.0;-207.0;-37.0;239;121;
147737772 ;105;-1149.0;3930.0;633.0;-19.0;35.0;40.0;-17.0;-207.0;-37.0;36;246;
147737783 ;106;-1154.0;3930.0;635.0;-22.0;34.0;39.0;-19.0;-205.0;-43.0;23;13;
147737791 ;107;-1176.0;3939.0;633.0;-19.0;34.0;38.0;-19.0;-205.0;-43.0;11;39;
147737802 ;108;-1202.0;3927.0;637.0;-21.0;32.0;38.0;-16.0;-210.0;-40.0;231;63;
147737811 ;109;-1165.0;3917.0;603.0;-19.0;30.0;37.0;-16.0;-210.0;-40.0;224;4;
147737822 ;110;-1167.0;3901.0;623.0;-20.0;28.0;38.0;-19.0;-211.0;-39.0;222;94;
147737860 ;111;-1178.0;3902.0;632.0;-22.0;26.0;37.0;-19.0;-211.0;-39.0;217;95;
147737861 ;112;-1172.0;3909.0;598.0;-21.0;24.0;38.0;-20.0;-202.0;-38.0;206;6;
147737862 ;113;-1162.0;3917.0;607.0;-24.0;24.0;40.0;-20.0;-202.0;-38.0;233;17;
147737866 ;114;-1178.0;3933.0;610.0;-23.0;24.0;39.0;-19.0;-205.0;-37.0;236;36;
147737872 ;115;-1161.0;3934.0;629.0;-22.0;23.0;38.0;-19.0;-205.0;-37.0;17;45;
147737883 ;116;-1175.0;3933.0;638.0;-22.0;23.0;37.0;-17.0;-213.0;-41.0;1;41;
147737891 ;117;-1164.0;3954.0;616.0;-22.0;22.0;37.0;-17.0;-213.0;-41.0;11;13;
147737907 ;118;-1145.0;3953.0;604.0;-22.0;24.0;37.0;-10.0;-204.0;-38.0;39;207;
147737912 ;119;-1156.0;3945.0;613.0;-22.0;20.0;34.0;-10.0;-204.0;-38.0;23;31;
147737923 ;120;-1152.0;3949.0;628.0;-21.0;17.0;34.0;-17.0;-205.0;-37.0;38;226;
147737931 ;121;-1159.0;3955.0;626.0;-20.0;14.0;34.0;-17.0;-205.0;-37.0;34;26;
147737942 ;122;-1151.0;3952.0;644.0;-20.0;13.0;32.0;-19.0;-205.0;-43.0;47;25;
147737951 ;123;-1151.0;3962.0;652.0;-19.0;11.0;36.0;-19.0;-205.0;-43.0;69;25;
147737962 ;124;-1137.0;3941.0;620.0;-20.0;8.0;34.0;-15.0;-209.0;-41.0;27;233;
147737971 ;125;-1149.0;3943.0;602.0;-19.0;8.0;33.0;-15.0;-209.0;-41.0;0;210;
147738011 ;126;-1166.0;3952.0;657.0;-17.0;8.0;34.0;-19.0;-205.0;-41.0;51;253;
147738013 ;127;-1153.0;3947.0;629.0;-17.0;10.0;32.0;-19.0;-205.0;-41.0;32;14;
147738018 ;128;-1153.0;3939.0;654.0;-17.0;9.0;31.0;-25.0;-205.0;-41.0;42;52;
147738020 ;129;-1161.0;3930.0;635.0;-15.0;9.0;33.0;-25.0;-205.0;-41.0;11;209;
147738023 ;130;-1157.0;3926.0;612.0;-14.0;6.0;33.0;-16.0;-206.0;-38.0;254;218;
147738031 ;131;-1159.0;3925.0;601.0;-13.0;3.0;33.0;-16.0;-206.0;-38.0;239;227;
147738047 ;132;-1154.0;3931.0;636.0;-13.0;4.0;31.0;-19.0;-207.0;-39.0;24;236;
147738052 ;133;-1166.0;3948.0;638.0;-13.0;7.0;31.0;-19.0;-207.0;-39.0;35;215;
147738063 ;134;-1179.0;3928.0;644.0;-14.0;8.0;29.0;-25.0;-209.0;-37.0;1;23;
147738071 ;135;-1152.0;3912.0;647.0;-13.0;10.0;28.0;-25.0;-209.0;-37.0;18;226;
147738082 ;136;-1151.0;3901.0;654.0;-10.0;16.0;33.0;-17.0;-207.0;-43.0;34;170;
147738091 ;137;-1171.0;3917.0;640.0;-13.0;18.0;34.0;-17.0;-207.0;-43.0;17;61;
147738102 ;138;-1163.0;3929.0;613.0;-17.0;22.0;32.0;-17.0;-205.0;-41.0;13;205;
147738111 ;139;-1172.0;3910.0;651.0;-16.0;18.0;32.0;-17.0;-205.0;-41.0;21;63;
147738122 ;140;-1176.0;3914.0;644.0;-14.0;19.0;27.0;-18.0;-206.0;-40.0;12;8;
147738162 ;141;-1173.0;3930.0;606.0;-12.0;21.0;25.0;-18.0;-206.0;-40.0;252;194;
147738163 ;142;-1163.0;3910.0;625.0;-12.0;22.0;25.0;-17.0;-211.0;-39.0;4;240;
147738170 ;143;-1149.0;3932.0;632.0;-8.0;22.0;23.0;-17.0;-211.0;-39.0;50;22;
147738171 ;144;-1168.0;3931.0;616.0;-12.0;21.0;20.0;-21.0;-203.0;-37.0;13;255;
147738172 ;145;-1169.0;3924.0;640.0;-11.0;17.0;24.0;-21.0;-203.0;-37.0;31;15;
147738186 ;146;-1174.0;3957.0;630.0;-13.0;13.0;26.0;-19.0;-211.0;-37.0;40;216;
147738191 ;147;-1153.0;3941.0;630.0;-12.0;10.0;31.0;-19.0;-211.0;-37.0;49;217;
147738205 ;148;-1157.0;3932.0;674.0;-14.0;8.0;32.0;-23.0;-207.0;-39.0;76;22;
147738211 ;149;-1157.0;3951.0;633.0;-16.0;7.0;32.0;-23.0;-207.0;-39.0;52;242;
147738222 ;150;-1141.0;3964.0;621.0;-19.0;9.0;29.0;-13.0;-201.0;-35.0;86;48;
147738231 ;151;-1129.0;3956.0;624.0;-18.0;12.0;29.0;-13.0;-201.0;-35.0;98;62;
147738242 ;152;-1132.0;3955.0;629.0;-21.0;17.0;23.0;-20.0;-206.0;-38.0;81;63;
147738251 ;153;-1152.0;3937.0;659.0;-21.0;19.0;22.0;-20.0;-206.0;-38.0;75;221;
147738262 ;154;-1163.0;3961.0;631.0;-21.0;18.0;18.0;-18.0;-206.0;-36.0;60;214;
147738275 ;155;-1147.0;3946.0;609.0;-20.0;15.0;19.0;-18.0;-206.0;-36.0;39;57;
147738312 ;156;-1138.0;3975.0;627.0;-17.0;15.0;18.0;-16.0;-206.0;-44.0;92;222;
147738313 ;157;-1141.0;3962.0;653.0;-19.0;18.0;20.0;-16.0;-206.0;-44.0;106;192;
147738315 ;158;-1134.0;3974.0;658.0;-20.0;19.0;21.0;-20.0;-206.0;-38.0;134;42;
147738318 ;159;-1112.0;3952.0;640.0;-21.0;21.0;24.0;-20.0;-206.0;-38.0;121;249;
147738326 ;160;-1128.0;3945.0;626.0;-21.0;26.0;25.0;-17.0;-211.0;-41.0;86;2;
147738331 ;161;-1146.0;3948.0;609.0;-21.0;30.0;28.0;-17.0;-211.0;-41.0;62;10;
147738345 ;162;-1146.0;3955.0;626.0;-26.0;35.0;31.0;-18.0;-202.0;-40.0;99;35;
147738351 ;163;-1150.0;3920.0;626.0;-26.0;37.0;28.0;-18.0;-202.0;-40.0;60;0;
147738363 ;163;32164.0;15355.0;-25073.0;-6142.0;9215.0;7168.0;-5120.0;12543.0;-9473.0;255;45;
147738371 ;165;-1158.0;3903.0;641.0;-21.0;38.0;29.0;-20.0;-208.0;-38.0;53;107;
147738382 ;166;-1145.0;3905.0;671.0;-22.0;42.0;26.0;-17.0;-207.0;-35.0;106;250;
147738392 ;167;-1139.0;3897.0;606.0;-22.0;43.0;22.0;-17.0;-207.0;-35.0;37;69;
147738402 ;168;-1158.0;3908.0;634.0;-18.0;46.0;23.0;-22.0;-208.0;-40.0;55;229;
147738415 ;169;-1165.0;3913.0;608.0;-21.0;45.0;22.0;-22.0;-208.0;-40.0;23;253;
147738422 ;170;-1168.0;3917.0;621.0;-22.0;40.0;22.0;-14.0;-204.0;-38.0;46;238;
147738431 ;171;-1154.0;3911.0;641.0;-22.0;38.0;24.0;-14.0;-204.0;-38.0;75;7;
147738469 ;173;-1167.0;3935.0;616.0;-24.0;31.0;27.0;-18.0;-204.0;-38.0;53;219;
147738470 ;174;-1169.0;3933.0;630.0;-25.0;35.0;32.0;-19.0;-207.0;-39.0;67;215;
147738473 ;175;-1158.0;3937.0;602.0;-26.0;32.0;30.0;-19.0;-207.0;-39.0;49;239;
147738485 ;176;-1158.0;3921.0;627.0;-27.0;34.0;29.0;-15.0;-203.0;-37.0;69;241;
147738491 ;177;-1147.0;3919.0;623.0;-23.0;34.0;29.0;-15.0;-203.0;-37.0;79;1;
147738511 ;178;-1153.0;3938.0;653.0;-18.0;37.0;29.0;-15.0;-207.0;-39.0;125;49;
147738511 ;179;-1151.0;3941.0;655.0;-19.0;36.0;28.0;-15.0;-207.0;-39.0;130;200;
147738522 ;180;-1170.0;3940.0;633.0;-17.0;35.0;32.0;-15.0;-207.0;-37.0;96;236;
147738531 ;181;-1151.0;3960.0;631.0;-17.0;35.0;31.0;-15.0;-207.0;-37.0;133;47;
147738544 ;182;-1150.0;3944.0;635.0;-17.0;38.0;29.0;-13.0;-207.0;-37.0;126;54;
147738553 ;183;-1171.0;3947.0;644.0;-17.0;39.0;32.0;-13.0;-207.0;-37.0;122;24;
147738562 ;184;-1162.0;3951.0;613.0;-16.0;40.0;31.0;-12.0;-204.0;-40.0;107;199;
147738571 ;185;-1149.0;3955.0;624.0;-16.0;39.0;33.0;-12.0;-204.0;-40.0;137;11;
147738614 ;186;-1167.0;3933.0;652.0;-18.0;34.0;37.0;-18.0;-206.0;-40.0;115;43;
147738616 ;187;-1184.0;3955.0;647.0;-19.0;33.0;36.0;-18.0;-206.0;-40.0;113;31;
147738617 ;188;-1160.0;3953.0;631.0;-17.0;31.0;34.0;-14.0;-208.0;-34.0;126;208;
147738626 ;189;-1183.0;3951.0;635.0;-17.0;26.0;34.0;-14.0;-208.0;-34.0;101;223;
147738628 ;190;-1204.0;3926.0;660.0;-15.0;23.0;31.0;-16.0;-202.0;-38.0;77;9;
147738632 ;191;-1171.0;3945.0;632.0;-16.0;18.0;27.0;-16.0;-202.0;-38.0;92;250;
147738643 ;192;-1178.0;3939.0;660.0;-16.0;15.0;28.0;-17.0;-207.0;-35.0;103;109;
147738651 ;193;-1200.0;3913.0;633.0;-16.0;11.0;28.0;-17.0;-207.0;-35.0;25;153;
147738662 ;194;-1160.0;3934.0;641.0;-15.0;11.0;24.0;-10.0;-206.0;-38.0;97;69;
147738671 ;195;-1150.0;3905.0;614.0;-18.0;9.0;23.0;-10.0;-206.0;-38.0;46;84;
147738682 ;196;-1151.0;3913.0;652.0;-18.0;15.0;24.0;-21.0;-207.0;-39.0;86;166;
147738695 ;197;-1173.0;3903.0;629.0;-16.0;16.0;25.0;-21.0;-207.0;-39.0;36;194;
147738702 ;198;-1150.0;3898.0;625.0;-20.0;17.0;26.0;-16.0;-206.0;-44.0;50;34;
147738711 ;199;-1169.0;3889.0;625.0;-15.0;16.0;32.0;-16.0;-206.0;-44.0;33;227;
147738722 ;200;-1166.0;3913.0;653.0;-16.0;14.0;32.0;-14.0;-206.0;-36.0;96;96;
147738731 ;201;-1167.0;3908.0;642.0;-16.0;17.0;32.0;-14.0;-206.0;-36.0;83;127;
147738765 ;202;-1145.0;3923.0;641.0;-16.0;19.0;34.0;-17.0;-209.0;-41.0;113;149;
147738766 ;203;-1160.0;3921.0;618.0;-18.0;19.0;33.0;-17.0;-209.0;-41.0;71;159;
147738767 ;204;-1153.0;3920.0;662.0;-19.0;18.0;32.0;-15.0;-203.0;-41.0;127;101;
147738781 ;205;-1165.0;3906.0;658.0;-15.0;19.0;35.0;-15.0;-203.0;-41.0;106;96;
147738782 ;206;-1167.0;3923.0;628.0;-14.0;22.0;36.0;-14.0;-204.0;-34.0;104;156;
147738791 ;207;-1164.0;3931.0;618.0;-16.0;21.0;37.0;-14.0;-204.0;-34.0;104;142;
147738803 ;208;-1167.0;3935.0;649.0;-19.0;17.0;37.0;-19.0;-205.0;-37.0;121;119;
147738811 ;209;-1159.0;3914.0;632.0;-14.0;16.0;33.0;-19.0;-205.0;-37.0;92;128;
147738822 ;210;-1148.0;3927.0;669.0;-11.0;11.0;34.0;-17.0;-203.0;-41.0;153;145;
147738835 ;211;-1132.0;3946.0;631.0;-7.0;11.0;31.0;-17.0;-203.0;-41.0;152;102;
147738842 ;212;-1141.0;3955.0;657.0;-6.0;12.0;31.0;-16.0;-202.0;-38.0;186;148;
147738851 ;213;-1157.0;3940.0;656.0;-6.0;13.0;31.0;-16.0;-202.0;-38.0;156;114;
147738863 ;214;-1153.0;3959.0;640.0;-6.0;15.0;31.0;-12.0;-214.0;-40.0;156;110;
147738871 ;215;-1146.0;3954.0;637.0;-5.0;14.0;35.0;-12.0;-214.0;-40.0;160;82;
147738916 ;216;-1155.0;3946.0;690.0;-6.0;13.0;40.0;-18.0;-202.0;-44.0;202;114;
147738919 ;217;-1175.0;3952.0;653.0;-4.0;8.0;42.0;-18.0;-202.0;-44.0;151;67;
147738925 ;218;-1153.0;3955.0;647.0;-5.0;10.0;44.0;-16.0;-202.0;-40.0;180;78;
147738926 ;219;-1168.0;3944.0;623.0;-7.0;11.0;42.0;-16.0;-202.0;-40.0;128;182;
147738930 ;220;-1150.0;3945.0;659.0;-8.0;14.0;38.0;-19.0;-205.0;-35.0;181;171;
147738931 ;221;-1167.0;3934.0;642.0;-3.0;10.0;35.0;-19.0;-205.0;-35.0;135;123;
147738942 ;222;-1165.0;3937.0;638.0;-6.0;9.0;31.0;-16.0;-206.0;-46.0;120;146;
147738951 ;223;-1210.0;3898.0;631.0;-4.0;2.0;29.0;-16.0;-206.0;-46.0;23;251;
147738962 ;224;-1177.0;3927.0;655.0;-1.0;-3.0;27.0;-18.0;-208.0;-42.0;105;109;
147738975 ;225;-1152.0;3938.0;624.0;-2.0;-6.0;29.0;-18.0;-208.0;-42.0;109;65;
147738982 ;226;-1141.0;3935.0;654.0;1.0;-8.0;31.0;-18.0;-202.0;-42.0;158;140;
147738991 ;227;-1168.0;3931.0;652.0;-1.0;-6.0;31.0;-18.0;-202.0;-42.0;125;115;
147739004 ;228;-1129.0;3940.0;655.0;1.0;-7.0;34.0;-14.0;-200.0;-36.0;194;136;
147739011 ;229;-1161.0;3940.0;640.0;2.0;-3.0;36.0;-14.0;-200.0;-36.0;155;103;
147739027 ;230;-1152.0;3936.0;650.0;1.0;-2.0;35.0;-16.0;-204.0;-38.0;162;146;
147739068 ;234;-1156.0;3900.0;642.0;-2.0;-6.0;36.0;-14.0;-204.0;-40.0;111;53;
147739068 ;235;-1172.0;3926.0;652.0;-5.0;-3.0;35.0;-14.0;-204.0;-40.0;131;69;
147739081 ;10;-26644.0;23547.0;-29937.0;-1790.0;-1.0;9471.0;-5376.0;13311.0;-9729.0;255;94;
147739091 ;237;-1135.0;3922.0;671.0;-3.0;5.0;38.0;-21.0;-205.0;-39.0;192;178;
147739103 ;238;-1129.0;3942.0;682.0;-3.0;8.0;37.0;-17.0;-205.0;-45.0;230;182;
147739114 ;239;-1176.0;3953.0;677.0;-6.0;11.0;39.0;-17.0;-205.0;-45.0;192;86;
147739122 ;240;-1160.0;3947.0;641.0;-6.0;9.0;41.0;-15.0;-205.0;-39.0;175;127;
147739137 ;10;30194.0;31995.0;-30449.0;-2558.0;1535.0;11264.0;-3072.0;13055.0;-9985.0;255;182;
147739151 ;243;-1182.0;3969.0;670.0;-15.0;0.0;43.0;-12.0;-206.0;-40.0;192;150;
147739172 ;10;30453.0;27131.0;-26097.0;-4350.0;-257.0;9727.0;-4096.0;12031.0;-10497.0;255;154;
147739183 ;246;-1171.0;3961.0;669.0;-16.0;-3.0;35.0;-19.0;-205.0;-37.0;181;119;
147739217 ;247;-1161.0;3952.0;669.0;-16.0;-4.0;32.0;-19.0;-205.0;-37.0;179;103;
147739218 ;255;-1178.0;3950.0;669.0;-13.0;-7.0;27.0;-11.0;-205.0;-37.0;164;69;
147739222 ;249;-1157.0;3930.0;655.0;-12.0;-10.0;27.0;-11.0;-205.0;-37.0;150;112;
147739223 ;250;-1152.0;3932.0;646.0;-11.0;-11.0;26.0;-17.0;-205.0;-37.0;142;158;
147739231 ;251;-1160.0;3934.0;644.0;-11.0;-9.0;24.0;-17.0;-205.0;-37.0;135;103;
147739242 ;252;-1161.0;3942.0;651.0;-9.0;-11.0;25.0;-19.0;-205.0;-41.0;145;87;
147739255 ;114;2592.0;31998.0;24059.0;-31985.0;-2302.0;-3073.0;6911.0;-4608.0;13055.0;255;229;
147739271 ;255;-1159.0;3904.0;640.0;-9.0;-10.0;27.0;-18.0;-206.0;-40.0;105;123;
147739284 ;0;-1145.0;3907.0;607.0;-5.0;-10.0;30.0;-14.0;-202.0;-38.0;107;181;
147739291 ;1;-1151.0;3889.0;632.0;-3.0;-9.0;30.0;-14.0;-202.0;-38.0;112;224;
147739307 ;2;-1155.0;3889.0;632.0;-3.0;-8.0;32.0;-17.0;-205.0;-41.0;103;59;
147739312 ;3;-1153.0;3922.0;633.0;0.0;-4.0;32.0;-17.0;-205.0;-41.0;148;92;
147739323 ;4;-1158.0;3896.0;666.0;0.0;-2.0;34.0;-20.0;-208.0;-34.0;156;222;
147739331 ;5;-1162.0;3917.0;641.0;-1.0;0.0;34.0;-20.0;-208.0;-34.0;150;188;
147739369 ;6;-1157.0;3910.0;640.0;0.0;2.0;35.0;-19.0;-201.0;-41.0;154;180;
147739370 ;7;-1177.0;3930.0;668.0;-1.0;5.0;30.0;-19.0;-201.0;-41.0;179;147;
147739372 ;8;-1155.0;3928.0;681.0;-4.0;7.0;30.0;-12.0;-204.0;-46.0;211;175;
147739377 ;9;-1161.0;3912.0;652.0;-3.0;8.0;29.0;-12.0;-204.0;-46.0;162;156;
147739382 ;10;-1155.0;3943.0;663.0;-4.0;11.0;26.0;-21.0;-211.0;-37.0;203;171;
147739393 ;11;-1162.0;3936.0;647.0;-4.0;17.0;24.0;-21.0;-211.0;-37.0;178;174;
147739411 ;10;26381.0;30715.0;-30193.0;-1278.0;4607.0;5888.0;-3328.0;12287.0;-9729.0;255;70;
147739424 ;14;-1183.0;3938.0;655.0;-3.0;11.0;25.0;-15.0;-209.0;-39.0;172;182;
147739431 ;15;-1178.0;3943.0;634.0;1.0;8.0;24.0;-15.0;-209.0;-39.0;163;65;
147739442 ;16;-1184.0;3963.0;662.0;-1.0;4.0;22.0;-17.0;-205.0;-39.0;199;169;
147739451 ;17;-1164.0;3973.0;652.0;1.0;5.0;24.0;-17.0;-205.0;-39.0;226;86;
147739465 ;18;-1168.0;3951.0;632.0;-2.0;3.0;21.0;-16.0;-206.0;-40.0;171;91;
147739471 ;112;-1029.0;3959.0;628.0;-3.0;6.0;20.0;-16.0;-206.0;-40.0;177;161;
147739483 ;20;-1194.0;3926.0;624.0;-1.0;5.0;18.0;-20.0;-206.0;-38.0;112;84;
147739520 ;118;-1194.0;3919.0;648.0;1.0;1.0;18.0;-20.0;-206.0;-38.0;161;210;
147739521 ;118;25878.0;23291.0;-32497.0;258.0;256.0;4352.0;-4608.0;13055.0;-11009.0;255;27;
147739525 ;23;-1171.0;3921.0;603.0;0.0;-1.0;18.0;-18.0;-206.0;-44.0;103;73;
147739533 ;24;-1165.0;3914.0;610.0;-2.0;-3.0;21.0;-11.0;-203.0;-41.0;121;97;
147739533 ;251;3924.0;619.0;5.0;-3.0;20.0;-11.0;-203.0;-41.0;8345.0;10;178;
147739551 ;27;-1152.0;3929.0;631.0;9.0;3.0;17.0;-19.0;-205.0;-41.0;178;132;
147739562 ;28;-1157.0;3896.0;635.0;5.0;9.0;17.0;-16.0;-208.0;-38.0;150;0;
147739571 ;29;-1176.0;3916.0;605.0;6.0;11.0;18.0;-16.0;-208.0;-38.0;126;66;
147739587 ;30;-1176.0;3917.0;656.0;7.0;14.0;21.0;-15.0;-207.0;-37.0;189;143;
147739593 ;31;-1182.0;3909.0;613.0;6.0;10.0;25.0;-15.0;-207.0;-37.0;132;112;
147739604 ;32;-1190.0;3900.0;641.0;6.0;8.0;28.0;-16.0;-202.0;-38.0;148;234;
147739611 ;33;-1179.0;3903.0;627.0;4.0;7.0;30.0;-16.0;-202.0;-38.0;148;42;
147739622 ;34;-1192.0;3904.0;634.0;2.0;6.0;30.0;-21.0;-207.0;-41.0;128;116;
147739631 ;35;-1166.0;3913.0;651.0;3.0;8.0;25.0;-21.0;-207.0;-41.0;179;175;
147739670 ;36;-1160.0;3944.0;652.0;0.0;15.0;24.0;-19.0;-203.0;-35.0;233;137;
147739672 ;37;-1180.0;3925.0;646.0;1.0;15.0;21.0;-19.0;-203.0;-35.0;187;175;
147739673 ;38;-1160.0;3929.0;649.0;-2.0;16.0;21.0;-22.0;-208.0;-38.0;201;169;
147739677 ;39;-1151.0;3930.0;630.0;-1.0;16.0;20.0;-22.0;-208.0;-38.0;193;173;
147739682 ;40;-1145.0;3946.0;662.0;-2.0;15.0;18.0;-18.0;-208.0;-38.0;248;104;
147739691 ;41;-1154.0;3946.0;648.0;0.0;15.0;22.0;-18.0;-208.0;-38.0;233;139;
147739703 ;42;-1157.0;3961.0;631.0;-3.0;18.0;20.0;-21.0;-207.0;-37.0;225;121;
147739713 ;43;-1163.0;3949.0;658.0;-6.0;20.0;23.0;-21.0;-207.0;-37.0;237;133;
147739727 ;44;-1142.0;3955.0;615.0;-8.0;21.0;26.0;-13.0;-205.0;-37.0;234;130;
147739732 ;45;-1149.0;3959.0;639.0;-3.0;28.0;28.0;-13.0;-205.0;-37.0;14;156;
147739753 ;47;-1153.0;3942.0;650.0;-11.0;32.0;28.0;-18.0;-202.0;-40.0;253;169;
147739834 ;54;-1163.0;3917.0;620.0;-10.0;44.0;30.0;-17.0;-203.0;-39.0;211;121;
147739835 ;55;-1172.0;3924.0;632.0;-9.0;43.0;32.0;-17.0;-203.0;-39.0;224;84;
147739842 ;56;-1179.0;3911.0;611.0;-8.0;43.0;34.0;-18.0;-204.0;-40.0;184;86;
147739851 ;57;-1184.0;3920.0;631.0;-6.0;37.0;32.0;-18.0;-204.0;-40.0;203;95;
147739866 ;58;-1188.0;3933.0;658.0;-9.0;38.0;35.0;-17.0;-209.0;-35.0;242;154;
147739871 ;59;-1176.0;3907.0;593.0;-10.0;34.0;32.0;-17.0;-209.0;-35.0;156;116;
147739885 ;60;-1168.0;3909.0;626.0;-8.0;35.0;31.0;-18.0;-210.0;-38.0;197;121;
147739891 ;61;-1178.0;3900.0;622.0;-9.0;36.0;31.0;-18.0;-210.0;-38.0;175;3;
147739971 ;66;-1183.0;3898.0;617.0;-7.0;40.0;33.0;-18.0;-202.0;-42.0;180;82;
147739974 ;67;-1184.0;3915.0;645.0;-5.0;43.0;32.0;-18.0;-202.0;-42.0;229;207;
147739980 ;69;-1152.0;3923.0;644.0;-10.0;42.0;37.0;-19.0;-209.0;-41.0;6;34;
147739982 ;70;-1160.0;3928.0;653.0;-11.0;40.0;40.0;-14.0;-208.0;-38.0;22;218;
147739990 ;71;-1174.0;3935.0;609.0;-10.0;42.0;39.0;-14.0;-208.0;-38.0;230;44;
147740007 ;72;-1166.0;3936.0;605.0;-8.0;44.0;41.0;-18.0;-210.0;-38.0;236;60;
147740012 ;73;-1185.0;3958.0;581.0;-13.0;44.0;40.0;-18.0;-210.0;-38.0;210;20;
147740031 ;74;-1159.0;3955.0;608.0;-11.0;45.0;39.0;-14.0;-212.0;-38.0;9;7;
147740032 ;75;-1158.0;3952.0;635.0;-8.0;42.0;41.0;-14.0;-212.0;-38.0;37;25;
147740032 ;10;30028.0;30203.0;24591.0;-1790.0;10239.0;10240.0;-4096.0;13567.0;-10497.0;255;225;
147740051 ;77;-1172.0;3949.0;624.0;-6.0;35.0;39.0;-16.0;-204.0;-42.0;6;12;
147740062 ;78;-1153.0;3947.0;645.0;-2.0;31.0;39.0;-10.0;-204.0;-38.0;55;221;
147740071 ;79;-1179.0;3951.0;623.0;-3.0;27.0;40.0;-10.0;-204.0;-38.0;8;32;
147740082 ;80;-1157.0;3953.0;638.0;-5.0;29.0;37.0;-20.0;-208.0;-40.0;29;63;
147740122 ;81;-1175.0;3946.0;640.0;-2.0;27.0;42.0;-20.0;-208.0;-40.0;13;197;
147740123 ;82;-1153.0;3932.0;600.0;-4.0;28.0;43.0;-17.0;-209.0;-43.0;237;43;
147740131 ;84;-1186.0;3915.0;607.0;-5.0;28.0;43.0;-11.0;-209.0;-43.0;201;1;
147740131 ;10;24405.0;16123.0;32527.0;-1534.0;6655.0;10496.0;-2816.0;12287.0;-10753.0;255;167;
147740147 ;86;-1161.0;3952.0;601.0;-5.0;26.0;43.0;-15.0;-203.0;-41.0;5;13;
147740152 ;87;-1173.0;3926.0;602.0;-4.0;23.0;43.0;-15.0;-203.0;-41.0;223;63;
147740175 ;88;-1184.0;3949.0;643.0;-7.0;31.0;41.0;-17.0;-203.0;-43.0;20;202;
147740176 ;89;-1170.0;3929.0;613.0;-8.0;29.0;41.0;-17.0;-203.0;-43.0;238;20;
147740183 ;90;-1195.0;3916.0;602.0;-9.0;28.0;39.0;-18.0;-208.0;-40.0;183;15;
147740191 ;91;-1158.0;3896.0;628.0;-5.0;28.0;40.0;-18.0;-208.0;-40.0;232;120;
147740202 ;92;-1169.0;3930.0;603.0;-4.0;27.0;41.0;-15.0;-207.0;-43.0;233;53;
147740211 ;93;-1183.0;3918.0;558.0;-5.0;29.0;40.0;-15.0;-207.0;-43.0;163;91;
147740222 ;94;-1167.0;3912.0;607.0;-7.0;27.0;45.0;-16.0;-202.0;-36.0;235;49;
147740235 ;95;-1168.0;3899.0;611.0;-3.0;23.0;43.0;-16.0;-202.0;-36.0;224;112;
147740274 ;96;-1170.0;3914.0;611.0;0.0;21.0;42.0;-14.0;-208.0;-40.0;231;33;
147740276 ;98;-1177.0;3939.0;617.0;0.0;22.0;41.0;-17.0;-209.0;-41.0;252;4;
147740280 ;127;22011.0;27663.0;-254.0;5887.0;11264.0;-4352.0;12287.0;-10241.0;3071.0;32;67;
147740305 ;102;-1163.0;3943.0;650.0;-4.0;27.0;49.0;-17.0;-207.0;-37.0;65;241;
147740311 ;103;-1180.0;3957.0;589.0;-4.0;25.0;49.0;-17.0;-207.0;-37.0;0;54;
147740322 ;104;-1168.0;3958.0;635.0;-7.0;27.0;49.0;-18.0;-202.0;-36.0;64;30;
147740331 ;105;-1170.0;3964.0;613.0;-7.0;27.0;46.0;-18.0;-202.0;-36.0;44;10;
147740342 ;106;-1172.0;3956.0;606.0;-8.0;22.0;43.0;-15.0;-209.0;-41.0;10;60;
147740351 ;107;-1143.0;3963.0;586.0;-8.0;19.0;37.0;-15.0;-209.0;-41.0;18;200;
147740363 ;108;-1153.0;3963.0;606.0;-12.0;20.0;35.0;-21.0;-207.0;-39.0;22;42;
147740373 ;109;-1172.0;3953.0;619.0;-13.0;20.0;32.0;-21.0;-207.0;-39.0;3;3;
147740382 ;110;-1145.0;3965.0;619.0;-12.0;17.0;29.0;-12.0;-208.0;-40.0;45;199;
147740391 ;111;-1147.0;3959.0;606.0;-9.0;19.0;29.0;-12.0;-208.0;-40.0;30;250;
147740424 ;112;-1139.0;3956.0;600.0;-9.0;21.0;31.0;-20.0;-206.0;-38.0;30;244;
147740427 ;113;-1158.0;3947.0;591.0;-10.0;24.0;33.0;-20.0;-206.0;-38.0;254;56;
147740428 ;114;-1117.0;3934.0;620.0;-10.0;28.0;35.0;-23.0;-205.0;-39.0;59;245;
147740432 ;115;-1138.0;3922.0;579.0;-7.0;36.0;39.0;-23.0;-205.0;-39.0;1;201;
147740451 ;117;-1153.0;3919.0;641.0;-17.0;41.0;40.0;-12.0;-208.0;-36.0;54;238;
147740482 ;120;-1158.0;3887.0;635.0;-12.0;49.0;39.0;-13.0;-205.0;-41.0;23;127;
147740491 ;121;-1183.0;3890.0;660.0;-15.0;50.0;36.0;-13.0;-205.0;-41.0;22;146;
