148812198 ;2;-10607.0;-138.0;-10494.0;2767.0;2124.0;484.0;110.0;-70.0;88.0;114;36;
148812232 ;3;-5249.0;-817.0;-7386.0;1028.0;-5008.0;1242.0;-44.0;68.0;-38.0;157;67;
148812234 ;4;-2065.0;-44.0;-4985.0;1900.0;-10192.0;858.0;-44.0;68.0;-38.0;34;230;
148812235 ;5;-2027.0;-841.0;-7237.0;2853.0;-11762.0;-455.0;-56.0;66.0;-48.0;172;190;
148812240 ;6;2047.0;-3357.0;-4744.0;3912.0;-10170.0;-1058.0;-56.0;66.0;-48.0;150;246;
148812248 ;7;3044.0;-1480.0;-215.0;4780.0;-7647.0;-2304.0;-64.0;64.0;-46.0;2;14;
148812280 ;8;742.0;-611.0;3025.0;4783.0;-5232.0;-3579.0;-64.0;64.0;-46.0;147;31;
148812283 ;9;-245.0;-1608.0;4701.0;4397.0;-3036.0;-4160.0;-79.0;57.0;-47.0;27;67;
148812317 ;10;595.0;-2610.0;4589.0;4216.0;-1346.0;-4330.0;-79.0;57.0;-47.0;72;58;
148812318 ;11;487.0;-2624.0;4895.0;4036.0;-210.0;-4340.0;-103.0;45.0;-53.0;142;120;
148812323 ;12;1197.0;-2551.0;3539.0;4090.0;1052.0;-4419.0;-103.0;45.0;-53.0;41;111;
148812324 ;13;750.0;-2154.0;2720.0;4075.0;1987.0;-4381.0;-108.0;26.0;-58.0;101;101;
148812325 ;14;620.0;-1847.0;1477.0;4319.0;2462.0;-4622.0;-108.0;26.0;-58.0;24;180;
148812333 ;15;723.0;-1326.0;874.0;4753.0;3021.0;-4560.0;-120.0;12.0;-72.0;42;18;
148812338 ;16;1084.0;-780.0;330.0;5025.0;4189.0;-4196.0;-120.0;12.0;-72.0;171;241;
148812370 ;17;597.0;85.0;1116.0;5220.0;4499.0;-3853.0;-117.0;-13.0;-81.0;112;184;
148812373 ;113;-117.0;-13.0;-81.0;8208.0;4874.0;-1495.0;2331.0;3625.0;5090.0;216;124;
148812378 ;10;3860.0;11516.0;-29941.0;-12779.0;-15088.0;16645.0;-28685.0;-7681.0;-25601.0;255;39;
148812378 ;21;815.0;3278.0;7173.0;3411.0;-322.0;-2423.0;-107.0;-47.0;-111.0;251;131;
148812412 ;22;2999.0;3567.0;9300.0;2419.0;-1864.0;-2114.0;-107.0;-47.0;-111.0;75;75;
148812428 ;25;8114.0;2948.0;10163.0;-472.0;-967.0;-202.0;-112.0;-72.0;-104.0;234;16;
148812467 ;26;8493.0;2570.0;9285.0;-1367.0;132.0;710.0;-112.0;-72.0;-104.0;219;1;
148812468 ;27;8171.0;2455.0;8856.0;-2149.0;1128.0;1580.0;-120.0;-72.0;-104.0;174;156;
148812475 ;28;7138.0;2471.0;8549.0;-2950.0;1720.0;2170.0;-120.0;-72.0;-104.0;252;48;
148812476 ;29;6098.0;2368.0;8138.0;-3669.0;2222.0;2733.0;-110.0;-68.0;-104.0;78;124;
148812481 ;30;4956.0;2545.0;7571.0;-4416.0;2695.0;3142.0;-110.0;-68.0;-104.0;213;173;
148812498 ;30;2191.0;1906.0;6631.0;-5961.0;2057.0;3275.0;-107.0;-47.0;-103.0;221;131;
148812529 ;33;944.0;1234.0;5984.0;-6448.0;1514.0;3250.0;-102.0;-32.0;-106.0;187;109;
148812531 ;34;383.0;746.0;4903.0;-6840.0;1216.0;3203.0;-102.0;-32.0;-106.0;127;95;
148812535 ;35;30.0;37.0;3403.0;-7017.0;949.0;3055.0;-85.0;-3.0;-105.0;81;107;
148812543 ;36;-781.0;-827.0;1737.0;-7006.0;710.0;2846.0;-85.0;-3.0;-105.0;128;94;
148812768 ;37;-1724.0;-1858.0;68.0;-6991.0;467.0;2616.0;-77.0;23.0;-85.0;93;10;
148812772 ;39;-3904.0;-3278.0;-3103.0;-6458.0;-432.0;2055.0;-69.0;47.0;-73.0;162;76;
148812772 ;39;-3904.0;-3278.0;-3103.0;-6458.0;-432.0;2055.0;-69.0;47.0;-73.0;162;76;
148812774 ;42;-5630.0;-4776.0;-10554.0;-4058.0;-1974.0;900.0;-67.0;59.0;-63.0;183;233;
148812778 ;43;-5655.0;-5825.0;-11418.0;-2772.0;-1562.0;431.0;-62.0;62.0;-44.0;214;34;
148812779 ;45;-2907.0;-6595.0;-7283.0;-2.0;808.0;626.0;-56.0;74.0;-30.0;164;217;
148812780 ;47;-1126.0;411.0;1949.0;-558.0;2820.0;871.0;-52.0;72.0;-26.0;119;66;
148812791 ;49;-2072.0;-278.0;2653.0;1621.0;2206.0;-1166.0;-48.0;74.0;-36.0;209;77;
148812792 ;51;-2709.0;-2401.0;95.0;1090.0;-1017.0;-513.0;-53.0;69.0;-39.0;4;89;
148812794 ;53;-612.0;-2459.0;305.0;8291.0;-2426.0;-536.0;-47.0;67.0;-43.0;219;188;
148812792 ;53;-612.0;-2459.0;305.0;867.0;-2426.0;-536.0;-47.0;67.0;-43.0;219;159;
148812796 ;57;894.0;-2139.0;3815.0;1037.0;-451.0;-633.0;-61.0;65.0;-45.0;60;52;
148812797 ;59;1270.0;-2841.0;5385.0;-144.0;-699.0;-450.0;-59.0;61.0;-45.0;182;48;
148812809 ;62;1500.0;-5336.0;2965.0;-1502.0;554.0;120.0;-65.0;61.0;-43.0;139;79;
148812813 ;63;2160.0;-3764.0;2021.0;-1290.0;1475.0;57.0;-66.0;66.0;-42.0;207;235;
148812818 ;64;3628.0;-3012.0;1199.0;-890.0;1865.0;561.0;-66.0;66.0;-42.0;96;6;
148812850 ;65;4562.0;-1518.0;784.0;-458.0;4014.0;1245.0;-64.0;66.0;-38.0;25;187;
148812853 ;66;-553.0;75.0;600.0;-790.0;4474.0;1640.0;-64.0;66.0;-38.0;158;24;
148812859 ;67;-4067.0;509.0;1964.0;-2175.0;1271.0;534.0;-53.0;65.0;-39.0;153;17;
148812860 ;68;-3290.0;162.0;4127.0;-3552.0;-800.0;2143.0;-53.0;65.0;-39.0;144;220;
148812868 ;69;-3594.0;-76.0;3323.0;-4891.0;-2639.0;3203.0;-46.0;64.0;-26.0;12;98;
148812922 ;71;1361.0;-835.0;932.0;-5287.0;-4995.0;3450.0;-38.0;78.0;-16.0;113;239;
148812929 ;72;2518.0;-2483.0;6.0;-5208.0;-3913.0;3492.0;-38.0;78.0;-16.0;155;201;
148812930 ;73;1621.0;-3388.0;-1442.0;-4270.0;-1789.0;3746.0;-24.0;74.0;-2.0;247;21;
148812931 ;74;75.0;-2871.0;-2915.0;-3650.0;-280.0;3742.0;-24.0;74.0;-2.0;124;234;
148812937 ;75;-1586.0;-2042.0;-3722.0;-3434.0;1135.0;3567.0;-17.0;81.0;15.0;230;140;
148812940 ;76;-3348.0;-2362.0;-5616.0;-3119.0;2314.0;3151.0;-17.0;81.0;15.0;138;158;
148812979 ;78;-7317.0;-5153.0;-10656.0;-1538.0;3039.0;2187.0;-7.0;77.0;23.0;150;98;
148812982 ;79;-9212.0;-6547.0;-11622.0;-1071.0;1757.0;1742.0;3.0;75.0;35.0;12;44;
148812983 ;80;-8495.0;-7344.0;-9779.0;-164.0;1623.0;1400.0;3.0;75.0;35.0;168;54;
148812988 ;81;-5804.0;-7805.0;-6657.0;152.0;1442.0;562.0;6.0;70.0;36.0;227;213;
148813019 ;82;-1761.0;-4061.0;1937.0;-345.0;2660.0;697.0;6.0;70.0;36.0;125;51;
148813021 ;83;-2214.0;170.0;-4717.0;576.0;2657.0;447.0;10.0;74.0;34.0;219;245;
148813069 ;85;-4195.0;-3981.0;-2711.0;2187.0;2624.0;-2445.0;4.0;72.0;40.0;134;58;
148813071 ;86;-7100.0;-4891.0;-3759.0;1867.0;115.0;-1805.0;4.0;72.0;40.0;223;37;
148813074 ;87;-3978.0;-3670.0;-2760.0;2143.0;-949.0;-1537.0;0.0;78.0;34.0;197;231;
148813075 ;247;-3503.0;-2871.0;2290.0;-922.0;-1747.0;0.0;78.0;34.0;8240.0;10;243;
148813088 ;91;-344.0;-3824.0;600.0;2829.0;-558.0;-2054.0;-13.0;79.0;21.0;180;238;
148813126 ;94;805.0;-3777.0;2601.0;2394.0;-537.0;-1670.0;-19.0;71.0;13.0;13;45;
148813159 ;97;943.0;-4915.0;6007.0;1498.0;-604.0;-1522.0;-34.0;70.0;-4.0;42;176;
148813220 ;216;-13845.0;-16357.0;27135.0;-14082.0;-10501.0;18687.0;-1024.0;-26113.0;2592.0;100;192;
148813226 ;101;5590.0;-3330.0;7003.0;-355.0;2147.0;-258.0;-42.0;72.0;2.0;1;171;
148813228 ;102;5284.0;-1353.0;8306.0;-587.0;6086.0;953.0;-42.0;72.0;2.0;245;163;
148813233 ;104;-1752.0;-485.0;12300.0;-3434.0;1452.0;-17.0;-43.0;73.0;-5.0;70;240;
148813234 ;105;-5496.0;747.0;10843.0;-5641.0;-1433.0;2250.0;-40.0;66.0;2.0;165;159;
148813249 ;107;4333.0;-451.0;3452.0;-7958.0;-4950.0;2735.0;-32.0;70.0;10.0;158;180;
148813280 ;110;2177.0;-2894.0;-2923.0;-6413.0;-51.0;3952.0;-21.0;71.0;37.0;202;196;
148813327 ;113;-2702.0;-1579.0;-10614.0;-6236.0;3223.0;2656.0;-4.0;54.0;78.0;71;101;
148813330 ;115;-7333.0;-2762.0;-19916.0;-4116.0;927.0;2568.0;5.0;43.0;93.0;8;74;
148813370 ;117;-6871.0;5091.0;-10182.0;-2553.0;4810.0;1204.0;4.0;34.0;106.0;214;84;
148813373 ;119;-4154.0;9972.0;-5174.0;2524.0;678.0;91.0;-5.0;29.0;113.0;149;197;
148813404 ;121;-1110.0;1009.0;-8814.0;2158.0;-2655.0;2514.0;-5.0;27.0;111.0;22;38;
148813410 ;123;-1532.0;-405.0;-7261.0;2722.0;-2730.0;646.0;7.0;29.0;103.0;156;136;
148813444 ;125;-3856.0;-4069.0;-6876.0;3881.0;203.0;-309.0;16.0;28.0;100.0;247;205;
148813446 ;126;-5050.0;-3319.0;-8380.0;4756.0;1259.0;-936.0;16.0;28.0;100.0;114;58;
148813454 ;127;-5288.0;-3101.0;-8534.0;5277.0;1893.0;-1259.0;18.0;44.0;90.0;15;227;
148813489 ;130;-2651.0;-1501.0;-3473.0;5999.0;1340.0;-1491.0;6.0;54.0;74.0;56;80;
148813522 ;131;-2464.0;-1231.0;-1956.0;6122.0;985.0;-1435.0;2.0;56.0;58.0;51;233;
148813529 ;134;-2700.0;-558.0;1055.0;5745.0;-461.0;-2069.0;-8.0;62.0;46.0;8;184;
148813555 ;136;-2785.0;-642.0;2476.0;5067.0;-592.0;-2655.0;-10.0;66.0;28.0;106;248;
148813559 ;138;-1990.0;-1052.0;5529.0;4283.0;-733.0;-2896.0;-22.0;70.0;14.0;63;157;
148813578 ;140;588.0;-1847.0;9455.0;2492.0;-1869.0;-2404.0;-24.0;66.0;2.0;5;209;
148813605 ;142;5822.0;-3140.0;8756.0;720.0;-277.0;-1805.0;-36.0;66.0;-10.0;73;241;
148813611 ;143;7543.0;-1628.0;9371.0;545.0;3245.0;-1024.0;-42.0;66.0;-12.0;139;51;
148813618 ;144;8393.0;-1562.0;8047.0;-109.0;7618.0;-374.0;-42.0;66.0;-12.0;19;155;
148813673 ;246;-3056.0;3624.0;-841.0;7628.0;-977.0;-49.0;65.0;-17.0;8285.0;10;250;
148813684 ;148;-2911.0;675.0;4379.0;-4729.0;-359.0;1037.0;-45.0;59.0;-13.0;63;95;
148813689 ;149;624.0;-493.0;1239.0;-5449.0;-2880.0;692.0;-42.0;60.0;-12.0;44;50;
148813730 ;154;339.0;-3282.0;-9468.0;-3928.0;392.0;2198.0;-38.0;66.0;16.0;2;216;
148813733 ;155;-326.0;-3655.0;-13960.0;-3156.0;1567.0;1843.0;-29.0;67.0;35.0;174;2;
148813760 ;157;-5678.0;-5515.0;-18884.0;733.0;-1001.0;1570.0;-27.0;67.0;43.0;63;251;
148813763 ;10;-354.0;20712.0;-16154.0;-12337.0;-11261.0;7934.0;-6906.0;17407.0;11008.0;0;157;
148813769 ;159;-4636.0;-708.0;-5473.0;2533.0;-482.0;582.0;-20.0;60.0;44.0;1;67;
148813778 ;160;-3335.0;2625.0;-1425.0;777.0;-747.0;1505.0;-20.0;60.0;44.0;192;90;
148813788 ;161;-2492.0;4320.0;-973.0;3740.0;409.0;936.0;-23.0;63.0;43.0;101;165;
148813824 ;163;-4086.0;-1803.0;-4851.0;2958.0;800.0;-533.0;-14.0;64.0;28.0;159;127;
148813826 ;164;-4622.0;-581.0;-4034.0;3105.0;-917.0;-210.0;-14.0;64.0;28.0;161;35;
148813829 ;165;-3440.0;-916.0;-4550.0;3231.0;-1587.0;-780.0;-23.0;65.0;23.0;130;70;
148813848 ;167;-1875.0;-2780.0;-2038.0;3935.0;-1176.0;-1651.0;-18.0;66.0;18.0;41;13;
148813869 ;168;-1639.0;-3006.0;-951.0;4363.0;-834.0;-1905.0;-18.0;66.0;18.0;125;143;
148813871 ;169;-979.0;-2513.0;-337.0;4743.0;-472.0;-2080.0;-27.0;63.0;3.0;138;168;
148813878 ;170;-851.0;-2550.0;258.0;4657.0;-354.0;-2026.0;-27.0;63.0;3.0;147;165;
148813899 ;171;-935.0;-2183.0;1009.0;4510.0;-369.0;-2219.0;-35.0;63.0;-9.0;39;17;
148813901 ;172;-516.0;-2162.0;1789.0;4269.0;-540.0;-2358.0;-35.0;63.0;-9.0;198;136;
148813909 ;173;-281.0;-2501.0;3641.0;3837.0;-853.0;-2441.0;-40.0;56.0;-26.0;71;71;
148813918 ;174;322.0;-2882.0;6039.0;3298.0;-887.0;-2287.0;-40.0;56.0;-26.0;234;118;
148813974 ;176;141.0;-3790.0;9303.0;1519.0;-1555.0;-1964.0;-50.0;56.0;-32.0;15;227;
148813980 ;177;1899.0;-3493.0;9565.0;741.0;-1374.0;-1687.0;-56.0;50.0;-44.0;205;39;
148813981 ;178;3831.0;-1618.0;11462.0;263.0;533.0;-1212.0;-56.0;50.0;-44.0;164;92;
148813984 ;179;7360.0;-283.0;12366.0;-426.0;4582.0;-197.0;-58.0;50.0;-42.0;107;153;
148813985 ;180;-2328.0;-911.0;10710.0;-2312.0;4069.0;-852.0;-58.0;50.0;-42.0;126;100;
148813989 ;181;-2074.0;-444.0;11295.0;-3244.0;1351.0;-776.0;-64.0;48.0;-38.0;152;204;
148813999 ;182;-4891.0;572.0;11049.0;-5522.0;-1743.0;1691.0;-64.0;48.0;-38.0;46;82;
148814023 ;184;5981.0;-1133.0;2218.0;-7714.0;-4629.0;2412.0;-57.0;51.0;-29.0;125;89;
148814030 ;185;8046.0;-4473.0;-1379.0;-7959.0;-3885.0;2479.0;-59.0;59.0;-17.0;173;113;
148814038 ;186;5492.0;-6067.0;-3015.0;-5986.0;-1102.0;3213.0;-59.0;59.0;-17.0;136;54;
148814058 ;187;2725.0;-3890.0;-4755.0;-5069.0;1612.0;3586.0;-52.0;62.0;12.0;66;24;
148814060 ;188;-594.0;-1961.0;-7272.0;-4786.0;2916.0;2985.0;-52.0;62.0;12.0;206;126;
148814068 ;189;-3560.0;-1633.0;-10283.0;-4610.0;4001.0;1655.0;-47.0;65.0;15.0;109;181;
148814089 ;191;-9252.0;-5509.0;-19687.0;-1981.0;70.0;1486.0;-37.0;65.0;27.0;91;225;
148814124 ;192;-8632.0;-7578.0;-14993.0;-1339.0;-101.0;1708.0;-37.0;65.0;27.0;205;221;
148814145 ;193;-7701.0;-1964.0;-8538.0;169.0;-1009.0;513.0;-30.0;58.0;36.0;125;111;
148814146 ;194;-2109.0;2240.0;-772.0;-1222.0;-1968.0;1396.0;-30.0;58.0;36.0;155;15;
148814155 ;195;-1956.0;2880.0;-2855.0;1746.0;-885.0;1239.0;-31.0;61.0;37.0;213;93;
148814158 ;196;4358.0;1629.0;-1150.0;1398.0;-1071.0;450.0;-31.0;61.0;37.0;49;71;
148814159 ;197;-1982.0;-1689.0;-5326.0;1502.0;-1072.0;596.0;-28.0;66.0;32.0;239;205;
148814163 ;198;-3771.0;-1219.0;-4657.0;1589.0;-2366.0;649.0;-28.0;66.0;32.0;221;73;
148814170 ;199;-3255.0;-1706.0;-5116.0;1993.0;-2456.0;-120.0;-24.0;62.0;30.0;100;0;
148814195 ;201;-2947.0;-3846.0;-2045.0;2635.0;-1284.0;-933.0;-25.0;63.0;27.0;43;71;
148814198 ;202;-2906.0;-3824.0;-1915.0;3033.0;-861.0;-1342.0;-25.0;63.0;27.0;139;167;
148814208 ;203;-2242.0;-3297.0;-2319.0;3412.0;-505.0;-1613.0;-24.0;64.0;20.0;112;106;
148814218 ;204;-1907.0;-3393.0;-1595.0;3531.0;-264.0;-1599.0;-24.0;64.0;20.0;173;89;
148814237 ;205;-1433.0;-3097.0;-741.0;3602.0;-424.0;-1726.0;-30.0;66.0;8.0;38;222;
148814237 ;10;-9522.0;-15108.0;-5132.0;12286.0;-17906.0;-22531.0;-7432.0;17151.0;2048.0;0;131;
148814275 ;207;-547.0;-2870.0;310.0;3617.0;-901.0;-2011.0;-35.0;59.0;1.0;163;161;
148814276 ;208;-407.0;-3062.0;785.0;3486.0;-1073.0;-2086.0;-35.0;59.0;1.0;209;19;
148814281 ;210;-376.0;-2707.0;2279.0;3175.0;-1547.0;-2136.0;-41.0;59.0;-13.0;214;222;
148814298 ;211;-901.0;-2108.0;3504.0;2791.0;-1655.0;-2179.0;-50.0;52.0;-20.0;191;241;
148814300 ;212;-59.0;-1684.0;4448.0;2289.0;-1385.0;-2127.0;-50.0;52.0;-20.0;182;228;
148814317 ;213;1254.0;-742.0;5813.0;1609.0;-1418.0;-2129.0;-58.0;52.0;-20.0;20;220;
148814320 ;214;2061.0;-1265.0;6508.0;1184.0;-1290.0;-2017.0;-58.0;52.0;-20.0;51;41;
148814330 ;215;3097.0;-1078.0;6935.0;617.0;99.0;-1459.0;-64.0;46.0;-26.0;4;98;
148814338 ;216;3747.0;-813.0;7218.0;-96.0;596.0;-831.0;-64.0;46.0;-26.0;84;98;
148814353 ;217;3683.0;-665.0;7202.0;-604.0;1227.0;-489.0;-70.0;44.0;-32.0;95;51;
148814358 ;218;3122.0;-1272.0;6365.0;-1264.0;1509.0;-48.0;-70.0;44.0;-32.0;194;170;
148814380 ;220;1616.0;-913.0;4445.0;-2417.0;994.0;1088.0;-73.0;51.0;-27.0;176;194;
148814388 ;221;1578.0;-842.0;3728.0;-3120.0;172.0;1605.0;-69.0;49.0;-31.0;12;168;
148814427 ;222;1739.0;-1131.0;3031.0;-3723.0;-401.0;2125.0;-69.0;49.0;-31.0;62;176;
148814428 ;223;1743.0;-1460.0;2466.0;-4068.0;-698.0;2530.0;-64.0;56.0;-16.0;239;149;
148814434 ;224;1225.0;-1890.0;1842.0;-4292.0;-915.0;2827.0;-64.0;56.0;-16.0;54;30;
148814435 ;225;509.0;-2627.0;1263.0;-4418.0;-986.0;3050.0;-58.0;50.0;-10.0;93;253;
148814453 ;227;-1561.0;-4069.0;131.0;-4296.0;-1111.0;3078.0;-48.0;60.0;-2.0;96;34;
148814468 ;229;-4493.0;-5609.0;-1716.0;-3903.0;-1991.0;2622.0;-45.0;61.0;9.0;248;198;
148814478 ;230;-5920.0;-6399.0;-3077.0;-3634.0;-2888.0;2272.0;-45.0;61.0;9.0;25;169;
148814488 ;231;-7223.0;-7576.0;-5790.0;-3181.0;-4380.0;1996.0;-33.0;61.0;23.0;175;77;
148814498 ;232;-8131.0;-8915.0;-8173.0;-2380.0;-6046.0;1761.0;-33.0;61.0;23.0;57;57;
148814513 ;233;-7842.0;-10073.0;-9346.0;-1334.0;-7346.0;1609.0;-25.0;57.0;35.0;176;118;
148814521 ;234;-6743.0;-10730.0;-6894.0;-545.0;-7314.0;1464.0;-25.0;57.0;35.0;177;171;
148814528 ;235;-4848.0;-9754.0;-5336.0;404.0;-5361.0;1404.0;-18.0;58.0;40.0;67;203;
148814540 ;236;-868.0;-7843.0;-1508.0;886.0;-1990.0;589.0;-18.0;58.0;40.0;75;7;
148814585 ;239;-7479.0;29.0;-3282.0;1000.0;8848.0;-1183.0;-13.0;61.0;31.0;73;195;
148814586 ;240;-10290.0;-4197.0;-1796.0;2181.0;8075.0;-2625.0;-13.0;61.0;31.0;118;206;
148814592 ;241;-8917.0;-3276.0;-4338.0;1635.0;4774.0;-2638.0;-18.0;62.0;24.0;82;170;
148814598 ;242;-5680.0;-2869.0;-6975.0;1842.0;1542.0;-2517.0;-18.0;62.0;24.0;226;36;
148814610 ;243;-3993.0;-2347.0;-7261.0;2192.0;-1209.0;-2344.0;-29.0;59.0;29.0;167;29;
148814618 ;244;-2426.0;-2402.0;-7128.0;2309.0;-3399.0;-2068.0;-29.0;59.0;29.0;16;108;
148814629 ;245;-898.0;-2675.0;-5585.0;2657.0;-4306.0;-2053.0;-34.0;58.0;18.0;215;79;
148814649 ;247;325.0;-2512.0;-2796.0;3297.0;-4069.0;-2439.0;-36.0;58.0;14.0;32;32;
148814662 ;248;441.0;-2272.0;-1399.0;3410.0;-3417.0;-2600.0;-36.0;58.0;14.0;94;254;
148814668 ;249;309.0;-2257.0;-766.0;3464.0;-2748.0;-2715.0;-42.0;60.0;10.0;193;123;
148814679 ;250;47.0;-2236.0;242.0;3454.0;-2010.0;-2786.0;-42.0;60.0;10.0;87;231;
148814688 ;251;335.0;-2286.0;865.0;3322.0;-1420.0;-2607.0;-51.0;51.0;5.0;32;64;
148814728 ;252;959.0;-2573.0;869.0;3111.0;-945.0;-2358.0;-51.0;51.0;5.0;122;170;
148814730 ;253;1606.0;-2752.0;943.0;3117.0;-422.0;-2057.0;-63.0;49.0;-5.0;196;0;
148814731 ;254;1858.0;-2782.0;1250.0;3055.0;214.0;-1657.0;-63.0;49.0;-5.0;169;231;
148814735 ;255;1906.0;-2967.0;1525.0;2957.0;816.0;-1223.0;-69.0;47.0;-17.0;207;193;
148814748 ;1;1973.0;-3137.0;2494.0;2676.0;1618.0;-157.0;-75.0;39.0;-19.0;95;171;
148814763 ;2;2062.0;-3292.0;3271.0;2309.0;1594.0;477.0;-75.0;39.0;-19.0;31;161;
148814768 ;3;2418.0;-3515.0;2730.0;2097.0;1463.0;917.0;-71.0;41.0;-29.0;227;43;
148814779 ;4;2325.0;-3649.0;2967.0;1845.0;1148.0;1518.0;-71.0;41.0;-29.0;16;50;
148814789 ;5;1898.0;-3269.0;3023.0;1582.0;1312.0;2125.0;-68.0;40.0;-36.0;20;78;
148814801 ;6;1010.0;-2438.0;3086.0;1406.0;1452.0;2579.0;-68.0;40.0;-36.0;190;208;
148814808 ;7;45.0;-1678.0;3616.0;1005.0;1392.0;2772.0;-65.0;35.0;-37.0;245;167;
148814819 ;8;-2069.0;-1531.0;3972.0;377.0;609.0;3023.0;-65.0;35.0;-37.0;24;210;
148814828 ;9;-3898.0;-1583.0;4903.0;-473.0;-217.0;3411.0;-53.0;41.0;-43.0;95;97;
148814839 ;10;-4874.0;-1230.0;5138.0;-921.0;-1637.0;3562.0;-53.0;41.0;-43.0;30;220;
148814879 ;11;-5243.0;-747.0;5000.0;-1447.0;-2732.0;3574.0;-49.0;39.0;-39.0;190;244;
148814881 ;12;-4635.0;-715.0;4583.0;-1997.0;-3309.0;3566.0;-49.0;39.0;-39.0;43;233;
148814888 ;13;-3949.0;-1200.0;4040.0;-2519.0;-3215.0;3316.0;-42.0;50.0;-36.0;65;181;
148814889 ;14;-4009.0;-1693.0;3400.0;-2757.0;-2726.0;2918.0;-42.0;50.0;-36.0;2;104;
148814890 ;15;-4404.0;-1718.0;2613.0;-2886.0;-2268.0;2613.0;-38.0;48.0;-26.0;107;37;
148814898 ;16;-4841.0;-1526.0;1611.0;-3088.0;-2143.0;2302.0;-38.0;48.0;-26.0;2;210;
148814909 ;17;-5036.0;-1597.0;132.0;-3267.0;-2142.0;1964.0;-27.0;55.0;-17.0;64;48;
148814918 ;18;-5326.0;-1808.0;-1288.0;-3299.0;-1970.0;1562.0;-27.0;55.0;-17.0;178;146;
148814929 ;19;-5349.0;-2215.0;-3101.0;-3138.0;-1784.0;1156.0;-24.0;56.0;-12.0;181;111;
148814940 ;20;-5059.0;-2637.0;-4976.0;-2890.0;-1539.0;852.0;-24.0;56.0;-12.0;148;224;
148814948 ;21;-4867.0;-2984.0;-5404.0;-2602.0;-1257.0;455.0;-30.0;56.0;-4.0;251;163;
148814959 ;22;-3944.0;-4010.0;-5845.0;-2364.0;-1018.0;-98.0;-30.0;56.0;-4.0;143;191;
148814968 ;23;-2551.0;-4160.0;-4822.0;-1812.0;-171.0;-349.0;-21.0;59.0;1.0;5;231;
148814979 ;24;-1349.0;-3713.0;-2915.0;-1423.0;891.0;-681.0;-21.0;59.0;1.0;91;227;
148814992 ;25;-525.0;-2791.0;-2200.0;-777.0;2028.0;-1100.0;-23.0;59.0;3.0;91;207;
148814998 ;26;-1544.0;-992.0;-552.0;-1051.0;2892.0;-1582.0;-23.0;59.0;3.0;78;148;
148815030 ;27;-3020.0;-381.0;-1285.0;-1320.0;1522.0;-1496.0;-35.0;61.0;7.0;238;146;
148815036 ;29;-1750.0;-1622.0;-1946.0;-1552.0;-3369.0;-1495.0;-28.0;62.0;18.0;115;225;
148815038 ;30;814.0;-2413.0;-2444.0;-1745.0;-5684.0;-988.0;-28.0;62.0;18.0;156;226;
148815049 ;31;2652.0;-2920.0;-3449.0;-1823.0;-7548.0;-144.0;-37.0;57.0;19.0;136;132;
148815058 ;32;3026.0;-3343.0;-4349.0;-1606.0;-8978.0;625.0;-37.0;57.0;19.0;18;48;
148815072 ;33;2719.0;-3490.0;-4678.0;-1221.0;-9978.0;1266.0;-35.0;57.0;23.0;34;128;
148815088 ;35;2551.0;-3668.0;-3691.0;-178.0;-10016.0;2293.0;-31.0;59.0;31.0;172;128;
148815099 ;36;2294.0;-3567.0;-2630.0;307.0;-9007.0;2732.0;-31.0;59.0;31.0;207;255;
148815119 ;38;899.0;-3293.0;224.0;993.0;-5235.0;3325.0;-14.0;60.0;32.0;126;216;
148815131 ;39;439.0;-3174.0;1651.0;1050.0;-2606.0;3683.0;-8.0;56.0;30.0;178;210;
148815138 ;40;356.0;-2933.0;2964.0;889.0;-259.0;4110.0;-8.0;56.0;30.0;183;193;
148815180 ;41;-283.0;-2762.0;3918.0;657.0;1608.0;4484.0;1.0;55.0;23.0;131;243;
148815183 ;42;-1394.0;-2226.0;4709.0;463.0;2994.0;4830.0;1.0;55.0;23.0;100;32;
148815194 ;45;-1953.0;-5203.0;-4264.0;-493.0;2510.0;4851.0;26.0;48.0;28.0;224;172;
148815193 ;43;-2608.0;-2086.0;4052.0;-199.0;4212.0;5053.0;14.0;54.0;24.0;182;254;
148815205 ;46;-8110.0;-4550.0;-223.0;101.0;617.0;4964.0;26.0;48.0;28.0;127;243;
148815222 ;48;-16256.0;-3018.0;4374.0;-933.0;-1925.0;2499.0;40.0;44.0;32.0;245;85;
148815239 ;50;-11294.0;-4485.0;5664.0;-1715.0;-4540.0;1677.0;47.0;35.0;31.0;44;12;
148815248 ;51;-9523.0;-4834.0;5749.0;-1941.0;-4383.0;1077.0;56.0;36.0;30.0;127;49;
148815259 ;52;-9033.0;-4723.0;4420.0;-2020.0;-3184.0;343.0;56.0;36.0;30.0;41;147;
148815271 ;10;-24011.0;-17190.0;24555.0;-16628.0;1527.0;-17416.0;15869.0;7424.0;6912.0;0;161;
148815278 ;54;-9968.0;-5246.0;2492.0;-2066.0;-1847.0;-1431.0;61.0;29.0;27.0;249;137;
148815298 ;56;-8177.0;-3829.0;923.0;-2104.0;-2921.0;-2378.0;58.0;34.0;34.0;95;185;
148815332 ;247;-3530.0;-2731.0;61.0;31.0;31.0;8230.0;2618.0;-10950.0;-22292.0;244;2;
148815339 ;60;-1274.0;-2742.0;-1170.0;-1707.0;-4281.0;-3364.0;53.0;37.0;29.0;216;230;
148815360 ;62;2251.0;-2846.0;-574.0;-1046.0;-3271.0;-3260.0;46.0;40.0;30.0;140;138;
148815379 ;64;3788.0;-1918.0;-319.0;-684.0;-2062.0;-2871.0;39.0;47.0;23.0;225;99;
148815399 ;66;4241.0;-1980.0;-1091.0;-143.0;-1996.0;-1956.0;30.0;54.0;22.0;91;203;
148815418 ;68;8037.0;-2885.0;-1539.0;513.0;-1847.0;-217.0;31.0;51.0;19.0;230;138;
148815438 ;70;8405.0;-3654.0;-567.0;1184.0;255.0;2080.0;26.0;56.0;14.0;1;185;
148815483 ;72;7624.0;-1806.0;1315.0;1122.0;2030.0;5567.0;27.0;53.0;15.0;247;159;
148815500 ;76;2001.0;2673.0;1537.0;102.0;3278.0;8774.0;51.0;41.0;13.0;225;27;
148815508 ;77;-1664.0;3993.0;2226.0;-196.0;3484.0;8492.0;79.0;29.0;15.0;254;48;
148815519 ;78;-6209.0;5069.0;3886.0;-730.0;3881.0;7808.0;79.0;29.0;15.0;175;253;
148815528 ;79;-9055.0;5015.0;4758.0;-1395.0;3483.0;7440.0;92.0;12.0;24.0;36;188;
148815558 ;82;-15337.0;1960.0;4564.0;-3580.0;-588.0;4299.0;100.0;-8.0;30.0;230;216;
148815572 ;83;-14447.0;350.0;2587.0;-3916.0;-2093.0;3136.0;106.0;-24.0;36.0;136;20;
148815578 ;84;-12520.0;-121.0;950.0;-4081.0;-3522.0;2081.0;106.0;-24.0;36.0;113;39;
148815589 ;85;-9959.0;-60.0;-58.0;-4134.0;-4293.0;1174.0;113.0;-33.0;33.0;246;190;
148815598 ;10;-29098.0;14563.0;-5890.0;-16389.0;-18961.0;-16657.0;28929.0;-8448.0;8703.0;0;11;
148815633 ;87;-5610.0;-901.0;-1549.0;-3914.0;-3728.0;-149.0;109.0;-41.0;25.0;177;3;
148815642 ;90;-3750.0;-1350.0;-1694.0;-3188.0;-1302.0;-1842.0;117.0;-47.0;19.0;95;17;
148815693 ;95;-699.0;-1316.0;194.0;-2196.0;-2153.0;-3455.0;109.0;-25.0;13.0;39;217;
148815699 ;96;198.0;-1144.0;1071.0;-2199.0;-2344.0;-3553.0;109.0;-25.0;13.0;165;241;
148815738 ;100;3404.0;-1517.0;1457.0;-2989.0;-2551.0;-2280.0;99.0;-11.0;9.0;95;133;
148815749 ;101;3823.0;-2137.0;1131.0;-3122.0;-2456.0;-1657.0;94.0;0.0;10.0;160;24;
148815790 ;105;4533.0;-3431.0;544.0;-3018.0;-1138.0;1438.0;93.0;7.0;9.0;201;209;
148815798 ;106;4615.0;-3458.0;503.0;-2899.0;-404.0;2347.0;93.0;7.0;9.0;193;149;
148815818 ;108;3809.0;-3060.0;230.0;-2722.0;849.0;3987.0;95.0;1.0;5.0;25;137;
148815838 ;110;234.0;-2735.0;-3.0;-2448.0;1991.0;4934.0;97.0;-3.0;13.0;187;117;
148815849 ;111;-2274.0;-2780.0;238.0;-2253.0;2645.0;5011.0;109.0;-17.0;17.0;80;228;
148815858 ;112;-3936.0;-3049.0;718.0;-2117.0;3139.0;4916.0;109.0;-17.0;17.0;185;109;
148815869 ;113;-4329.0;-3286.0;1187.0;-2144.0;3188.0;4912.0;111.0;-27.0;25.0;43;189;
148815889 ;115;-4837.0;-2910.0;754.0;-2182.0;3134.0;4805.0;116.0;-42.0;40.0;50;20;
148815934 ;117;-4342.0;-2947.0;-714.0;-2098.0;2702.0;4859.0;119.0;-53.0;47.0;22;192;
148815936 ;118;-4473.0;-2961.0;-1823.0;-1868.0;2546.0;5061.0;119.0;-53.0;47.0;64;186;
148815959 ;122;-6589.0;-1247.0;-1914.0;-920.0;2159.0;5684.0;107.0;-85.0;63.0;224;128;
148815974 ;123;-6415.0;-1401.0;-1585.0;-807.0;2233.0;5365.0;106.0;-100.0;68.0;173;53;
148815979 ;124;-6428.0;-1205.0;-1555.0;-742.0;2181.0;5029.0;106.0;-100.0;68.0;65;97;
148815990 ;125;-6602.0;-767.0;-1930.0;-538.0;2267.0;4671.0;92.0;-122.0;74.0;113;127;
148815998 ;126;-7553.0;-145.0;-2751.0;-228.0;2106.0;4075.0;92.0;-122.0;74.0;47;183;
148816018 ;128;-11855.0;68.0;-5680.0;506.0;1024.0;2171.0;87.0;-127.0;75.0;205;89;
148816031 ;129;-14048.0;221.0;-6039.0;843.0;-318.0;1004.0;78.0;-136.0;78.0;210;2;
148816038 ;130;-14724.0;475.0;-5653.0;1162.0;-1843.0;-194.0;78.0;-136.0;78.0;65;55;
148816049 ;131;-13735.0;1008.0;-4841.0;1438.0;-3096.0;-1500.0;77.0;-139.0;81.0;117;251;
148816086 ;133;-10816.0;2274.0;-3662.0;1841.0;-4374.0;-4171.0;89.0;-133.0;77.0;165;235;
148816088 ;134;-9919.0;2810.0;-3357.0;1967.0;-5175.0;-5427.0;89.0;-133.0;77.0;228;232;
148816095 ;135;-8064.0;3457.0;-2877.0;1927.0;-6104.0;-6437.0;92.0;-126.0;64.0;210;106;
148816100 ;136;-5508.0;3899.0;-2087.0;1831.0;-6807.0;-7209.0;92.0;-126.0;64.0;133;215;
148816111 ;137;-2899.0;4383.0;-1181.0;1644.0;-7049.0;-7817.0;112.0;-108.0;60.0;70;36;
148816118 ;138;-747.0;4735.0;-673.0;1422.0;-6860.0;-8371.0;112.0;-108.0;60.0;202;104;
148816149 ;141;2629.0;3476.0;12.0;807.0;-5513.0;-8518.0;112.0;-60.0;22.0;31;253;
148816158 ;142;3423.0;2285.0;345.0;708.0;-5159.0;-8039.0;112.0;-60.0;22.0;191;155;
148816169 ;143;3911.0;823.0;1078.0;666.0;-4957.0;-7520.0;115.0;-35.0;11.0;138;36;
148816178 ;144;4234.0;-872.0;2203.0;512.0;-4387.0;-6865.0;115.0;-35.0;11.0;198;118;
148816236 ;147;6715.0;-4183.0;3713.0;899.0;989.0;-3839.0;95.0;7.0;-15.0;231;169;
148816238 ;148;6497.0;-4520.0;3331.0;1335.0;3164.0;-2464.0;95.0;7.0;-15.0;222;220;
148816243 ;149;5888.0;-5578.0;3084.0;1475.0;4137.0;-817.0;88.0;12.0;-10.0;51;229;
148816244 ;150;4685.0;-5980.0;3457.0;1383.0;3940.0;985.0;88.0;12.0;-10.0;77;173;
148816269 ;153;3447.0;-4411.0;412.0;1087.0;1458.0;4129.0;92.0;4.0;0.0;34;154;
148816278 ;154;2337.0;-1575.0;-303.0;1599.0;1275.0;4856.0;92.0;4.0;0.0;61;227;
148816289 ;155;-1353.0;387.0;286.0;1787.0;1089.0;4976.0;98.0;-6.0;-8.0;52;218;
148816311 ;196;2592.0;27294.0;-565.0;-3840.0;26382.0;256.0;-5897.0;27149.0;-4608.0;255;214;
148816330 ;159;-13484.0;1578.0;3417.0;-364.0;-5386.0;2772.0;109.0;-27.0;-5.0;25;137;
148816340 ;160;-13748.0;1576.0;2606.0;-1263.0;-8751.0;1896.0;109.0;-27.0;-5.0;186;252;
148816348 ;161;-14704.0;398.0;-494.0;-1811.0;-12320.0;570.0;112.0;-38.0;-16.0;200;230;
148816394 ;164;-9837.0;-1026.0;-8090.0;-1864.0;-19508.0;-1408.0;91.0;-43.0;-43.0;37;89;
148816397 ;165;-3019.0;-341.0;-4066.0;-1783.0;-18371.0;-1131.0;66.0;-34.0;-76.0;8;198;
148816401 ;166;3487.0;1298.0;1589.0;-3298.0;-16624.0;124.0;66.0;-34.0;-76.0;252;44;
148816429 ;169;11139.0;2221.0;4217.0;-5735.0;1753.0;-1704.0;-17.0;-21.0;-93.0;235;177;
148816438 ;170;5183.0;1015.0;-129.0;-4779.0;10002.0;-2805.0;-17.0;-21.0;-93.0;148;244;
148816449 ;171;1721.0;-615.0;-4154.0;-4687.0;13347.0;-3672.0;-12.0;-2.0;-94.0;254;54;
148816458 ;172;645.0;-2822.0;-5991.0;-4143.0;14218.0;-4383.0;-12.0;-2.0;-94.0;173;165;
148816488 ;175;1315.0;-5423.0;-81.0;-509.0;10785.0;-4695.0;28.0;24.0;-60.0;67;69;
148816501 ;176;3640.0;-4984.0;1699.0;-123.0;9238.0;-4177.0;28.0;24.0;-60.0;144;90;
148816538 ;177;4912.0;-3114.0;4485.0;427.0;8058.0;-3442.0;38.0;22.0;-48.0;77;165;
148816539 ;178;5033.0;-492.0;8439.0;455.0;8173.0;-3361.0;38.0;22.0;-48.0;113;25;
148816544 ;180;-1028.0;-719.0;10247.0;-1550.0;5304.0;-432.0;36.0;28.0;-42.0;76;98;
148816556 ;182;4198.0;-2228.0;3965.0;-3381.0;-1924.0;1457.0;43.0;33.0;-29.0;58;60;
148816569 ;183;6504.0;-2971.0;1967.0;-3342.0;-2177.0;2742.0;43.0;37.0;-19.0;199;253;
148816578 ;184;5893.0;-1977.0;273.0;-2825.0;-1406.0;3446.0;43.0;37.0;-19.0;117;51;
148816598 ;186;4664.0;-1391.0;2092.0;-3896.0;29.0;4660.0;48.0;34.0;-18.0;71;245;
148816609 ;187;3045.0;-1971.0;3844.0;-4303.0;-134.0;5725.0;64.0;30.0;-14.0;136;130;
148816622 ;188;1982.0;-1041.0;4171.0;-4025.0;478.0;6217.0;64.0;30.0;-14.0;182;10;
148816628 ;189;1847.0;10.0;4104.0;-4165.0;1529.0;6603.0;71.0;25.0;-9.0;41;153;
148816639 ;190;934.0;685.0;2944.0;-4373.0;3333.0;6533.0;71.0;25.0;-9.0;170;210;
148816648 ;191;-2753.0;107.0;2023.0;-4232.0;4440.0;5664.0;81.0;13.0;-3.0;214;98;
148816689 ;192;-5829.0;-837.0;715.0;-4139.0;5519.0;4758.0;81.0;13.0;-3.0;252;204;
148816693 ;194;-10570.0;-3176.0;-1466.0;-4262.0;5296.0;2824.0;97.0;1.0;17.0;214;60;
148816699 ;195;-11460.0;-4289.0;-3121.0;-4301.0;3884.0;2170.0;101.0;-11.0;41.0;77;33;
148816699 ;196;-11524.0;-5326.0;-5205.0;-4356.0;2100.0;1424.0;101.0;-11.0;41.0;172;164;
148816708 ;197;-9707.0;-6581.0;-7673.0;-3787.0;748.0;812.0;99.0;-15.0;49.0;191;49;
148816718 ;198;-7329.0;-7092.0;-8827.0;-2824.0;330.0;354.0;99.0;-15.0;49.0;226;216;
148816728 ;199;-4026.0;-6289.0;-7509.0;-1591.0;1221.0;307.0;96.0;-22.0;56.0;74;20;
148816749 ;201;-3655.0;176.0;-4876.0;-1497.0;3587.0;708.0;100.0;-20.0;66.0;182;32;
148816760 ;202;-6334.0;923.0;-4198.0;769.0;3261.0;-954.0;100.0;-20.0;66.0;228;148;
148816768 ;203;-5681.0;-2168.0;-3647.0;504.0;1142.0;-1195.0;96.0;-30.0;66.0;36;146;
148816779 ;204;-5019.0;-2537.0;-6172.0;573.0;-1175.0;-651.0;96.0;-30.0;66.0;183;151;
148816788 ;205;-5067.0;-1732.0;-7035.0;1070.0;-2759.0;-673.0;88.0;-24.0;78.0;255;223;
148816839 ;207;-2188.0;-2350.0;-6522.0;2103.0;-2260.0;-1370.0;99.0;-21.0;71.0;46;170;
148816841 ;208;-2317.0;-2449.0;-5780.0;2835.0;-1458.0;-1855.0;99.0;-21.0;71.0;80;70;
148816848 ;209;-2882.0;-2676.0;-4178.0;3433.0;-1067.0;-2106.0;100.0;-16.0;68.0;101;221;
148816849 ;210;-3127.0;-2813.0;-2725.0;3882.0;-846.0;-2344.0;100.0;-16.0;68.0;76;240;
148816850 ;211;-3238.0;-2630.0;-1151.0;4222.0;-1020.0;-2491.0;95.0;-15.0;53.0;194;36;
148816858 ;212;-3292.0;-2284.0;274.0;4414.0;-1424.0;-2546.0;95.0;-15.0;53.0;116;224;
148816869 ;213;-2955.0;-2316.0;1450.0;4403.0;-2175.0;-2553.0;90.0;0.0;48.0;68;28;
148816878 ;214;-2504.0;-2055.0;2933.0;4416.0;-3056.0;-2600.0;90.0;0.0;48.0;74;176;
148816889 ;215;-2278.0;-1796.0;4153.0;4154.0;-3969.0;-2683.0;88.0;4.0;36.0;2;144;
148816908 ;217;-685.0;-2753.0;7059.0;3275.0;-5039.0;-3060.0;83.0;15.0;25.0;196;216;
148816919 ;218;-139.0;-3777.0;5523.0;2704.0;-6002.0;-3075.0;83.0;15.0;25.0;203;133;
148816929 ;219;-966.0;-4185.0;6055.0;2125.0;-5312.0;-3271.0;75.0;21.0;3.0;158;182;
148816938 ;220;-1440.0;-2669.0;8066.0;1434.0;-4549.0;-3469.0;75.0;21.0;3.0;25;1;
148816953 ;221;1349.0;-2089.0;7647.0;1045.0;-3909.0;-3789.0;74.0;22.0;-8.0;90;150;
148816958 ;222;5070.0;-1940.0;8994.0;119.0;-2520.0;-2221.0;74.0;22.0;-8.0;200;234;
148816990 ;223;4824.0;-1447.0;9249.0;-443.0;-1233.0;-1461.0;65.0;29.0;-21.0;133;15;
148816994 ;224;4419.0;-1553.0;7645.0;-735.0;-737.0;-1294.0;65.0;29.0;-21.0;174;48;
148816995 ;4;-4337.0;3064.0;18715.0;-13061.0;31485.0;13565.0;8192.0;-5632.0;-4865.0;32;229;
148817008 ;227;4352.0;-2967.0;4895.0;-2025.0;-990.0;1081.0;53.0;35.0;-17.0;93;67;
148817018 ;228;4188.0;-2861.0;4192.0;-2194.0;-1079.0;1682.0;53.0;35.0;-17.0;184;236;
148817030 ;229;3621.0;-2662.0;3128.0;-2340.0;-1070.0;2306.0;54.0;38.0;-24.0;2;176;
148817040 ;230;2457.0;-2452.0;2308.0;-2565.0;-1726.0;2848.0;54.0;38.0;-24.0;186;82;
148817048 ;231;1132.0;-2490.0;1754.0;-2695.0;-2903.0;3407.0;56.0;32.0;-12.0;79;73;
148817059 ;232;578.0;-2538.0;1167.0;-2723.0;-3913.0;3893.0;56.0;32.0;-12.0;125;47;
148817068 ;233;419.0;-2547.0;304.0;-2549.0;-4572.0;4234.0;64.0;20.0;-8.0;227;85;
148817079 ;234;-383.0;-2515.0;-591.0;-2133.0;-5174.0;4277.0;64.0;20.0;-8.0;203;163;
148817099 ;236;-3373.0;-2333.0;-3280.0;-687.0;-5601.0;3947.0;73.0;23.0;-7.0;0;84;
148817142 ;237;-6081.0;-2171.0;-5214.0;88.0;-5856.0;3359.0;76.0;22.0;-20.0;33;225;
148817145 ;238;-8972.0;-2523.0;-8398.0;904.0;-5907.0;2259.0;76.0;22.0;-20.0;156;206;
148817149 ;239;-9701.0;-3065.0;-8577.0;1457.0;-6665.0;1633.0;79.0;9.0;-39.0;143;247;
148817150 ;240;-11130.0;-3144.0;-6048.0;1679.0;-10154.0;1414.0;79.0;9.0;-39.0;229;175;
148817151 ;241;-10060.0;-2913.0;-5435.0;2296.0;-16204.0;820.0;68.0;6.0;-44.0;177;41;
148817163 ;242;-7922.0;-327.0;-2799.0;1429.0;-20672.0;1024.0;68.0;6.0;-44.0;114;134;
148817180 ;244;2645.0;518.0;-2723.0;-238.0;-20539.0;740.0;47.0;1.0;-71.0;42;36;
148817203 ;10;-13577.0;-32702.0;15623.0;-18912.0;26869.0;25334.0;-8711.0;511.0;-21248.0;255;166;
148817231 ;249;11906.0;-2923.0;2347.0;-2458.0;10533.0;-1803.0;-46.0;8.0;-76.0;179;195;
148817238 ;250;11941.0;-3754.0;-2466.0;-1815.0;14977.0;-1834.0;-46.0;8.0;-76.0;136;190;
148817252 ;251;11242.0;-3710.0;-5662.0;-1525.0;17186.0;-1817.0;-29.0;9.0;-81.0;90;162;
148817258 ;252;11011.0;-3955.0;-7536.0;-1426.0;17788.0;-1909.0;-29.0;9.0;-81.0;136;106;
148817292 ;253;11209.0;-4096.0;-7133.0;-1481.0;17819.0;-1505.0;-1.0;17.0;-75.0;255;175;
148817298 ;0;11827.0;-6667.0;-4561.0;-1952.0;21026.0;886.0;34.0;20.0;-64.0;188;114;
148817309 ;1;5754.0;-3239.0;-7206.0;290.0;22832.0;-55.0;55.0;27.0;-35.0;102;166;
148817322 ;2;291.0;-2983.0;-6626.0;-876.0;19511.0;-1475.0;55.0;27.0;-35.0;25;133;
148817328 ;3;-8507.0;-283.0;1129.0;-4292.0;17237.0;-3377.0;74.0;30.0;4.0;16;236;
148817339 ;4;-9980.0;-1476.0;57.0;-6192.0;13970.0;-2382.0;74.0;30.0;4.0;13;139;
148817372 ;7;-3597.0;-82.0;-1946.0;-6615.0;-3295.0;-1604.0;50.0;36.0;66.0;144;236;
148817378 ;8;-873.0;-1077.0;-4428.0;-6979.0;-6446.0;-794.0;50.0;36.0;66.0;0;0;
148817392 ;9;2824.0;-2397.0;-8511.0;-7071.0;-7688.0;305.0;52.0;30.0;76.0;108;160;
148817402 ;10;4867.0;-3078.0;-10252.0;-6884.0;-8047.0;1548.0;52.0;30.0;76.0;36;254;
148817409 ;11;5086.0;-4409.0;-13184.0;-6063.0;-7516.0;2456.0;61.0;19.0;75.0;34;130;
148817443 ;12;4485.0;-5593.0;-17129.0;-3884.0;-6113.0;2815.0;61.0;19.0;75.0;32;150;
148817443 ;225;20751.0;-4376.0;32200.0;23800.0;-14867.0;18705.0;2816.0;20224.0;19712.0;32;252;
148817449 ;15;1761.0;876.0;-3423.0;-77.0;1270.0;6091.0;93.0;-3.0;67.0;76;128;
148817463 ;16;447.0;5033.0;550.0;-801.0;2850.0;6007.0;93.0;-3.0;67.0;16;108;
148817468 ;17;-4025.0;4959.0;-659.0;-858.0;3610.0;6382.0;102.0;-20.0;74.0;185;215;
148817488 ;19;-76.0;222.0;829.0;-678.0;5469.0;5525.0;102.0;-34.0;80.0;20;234;
148817498 ;20;-318.0;2950.0;-2005.0;-833.0;6546.0;5050.0;102.0;-34.0;80.0;120;42;
148817513 ;21;-2831.0;1865.0;-4252.0;-899.0;6322.0;4447.0;92.0;-44.0;94.0;7;179;
148817529 ;23;-4869.0;-392.0;-8070.0;-994.0;5767.0;3706.0;83.0;-61.0;105.0;181;55;
148817549 ;25;-8270.0;-3950.0;-10280.0;-362.0;5018.0;2759.0;73.0;-71.0;115.0;139;99;
148817558 ;26;-9092.0;-4299.0;-10728.0;105.0;4248.0;2457.0;73.0;-71.0;115.0;213;137;
148817593 ;27;-9314.0;-4847.0;-9588.0;407.0;2891.0;2236.0;52.0;-70.0;124.0;61;177;
148817601 ;29;-9883.0;-5714.0;-6816.0;1036.0;-76.0;1229.0;48.0;-74.0;132.0;94;62;
148817608 ;31;-9659.0;-5480.0;-4224.0;1554.0;-1649.0;136.0;50.0;-72.0;134.0;240;174;
148817619 ;32;-9109.0;-5063.0;-3129.0;1643.0;-2112.0;-288.0;50.0;-72.0;134.0;229;235;
148817628 ;33;-8096.0;-4595.0;-2427.0;1628.0;-2461.0;-649.0;55.0;-79.0;131.0;154;164;
148817639 ;34;-7203.0;-3998.0;-1724.0;1529.0;-2704.0;-1035.0;55.0;-79.0;131.0;88;148;
148817651 ;35;-6457.0;-3453.0;-1268.0;1350.0;-3034.0;-1377.0;56.0;-66.0;128.0;233;163;
148817658 ;36;-5858.0;-2950.0;-1399.0;1093.0;-3309.0;-1728.0;56.0;-66.0;128.0;67;229;
148817671 ;37;-5251.0;-2618.0;-2523.0;863.0;-3408.0;-2112.0;67.0;-61.0;121.0;198;86;
148817678 ;38;-4601.0;-2290.0;-4145.0;744.0;-3356.0;-2507.0;67.0;-61.0;121.0;113;5;
148817689 ;39;-3836.0;-2021.0;-6396.0;832.0;-3003.0;-2915.0;76.0;-54.0;116.0;218;110;
148817709 ;41;-1958.0;-500.0;-8552.0;1592.0;-2639.0;-3218.0;77.0;-49.0;115.0;248;252;
148817744 ;42;-1787.0;807.0;-7402.0;1771.0;-2568.0;-3309.0;77.0;-49.0;115.0;231;35;
148817745 ;43;-1580.0;999.0;-5890.0;1885.0;-2824.0;-3459.0;82.0;-32.0;104.0;74;34;
148817750 ;10;-19923.0;-19719.0;16387.0;24818.0;32008.0;-27151.0;21745.0;-7168.0;24319.0;0;254;
148817758 ;46;-1495.0;1102.0;-3121.0;2126.0;-4180.0;-3755.0;84.0;-28.0;94.0;91;17;
148817781 ;48;-375.0;1076.0;-2409.0;1983.0;-4567.0;-3730.0;89.0;-11.0;87.0;134;216;
148817793 ;49;225.0;1018.0;-2140.0;1842.0;-4515.0;-3646.0;90.0;6.0;68.0;175;253;
148817799 ;50;535.0;893.0;-1887.0;1692.0;-4397.0;-3488.0;90.0;6.0;68.0;231;7;
148817810 ;51;806.0;665.0;-1464.0;1549.0;-4152.0;-3337.0;82.0;12.0;62.0;178;92;
148817818 ;52;856.0;512.0;-1161.0;1381.0;-3798.0;-3144.0;82.0;12.0;62.0;249;91;
148817838 ;54;1399.0;92.0;-246.0;965.0;-2676.0;-2908.0;81.0;19.0;53.0;187;95;
148817849 ;55;1668.0;-120.0;-110.0;827.0;-1849.0;-2748.0;76.0;24.0;40.0;197;79;
148817858 ;56;1881.0;-273.0;67.0;778.0;-902.0;-2547.0;76.0;24.0;40.0;4;22;
148817895 ;57;1910.0;-465.0;75.0;711.0;-53.0;-2220.0;74.0;34.0;36.0;198;230;
148817896 ;58;1662.0;-566.0;-22.0;690.0;550.0;-1875.0;74.0;34.0;36.0;169;199;
148817908 ;61;1580.0;-1164.0;683.0;430.0;1208.0;-696.0;63.0;45.0;37.0;246;138;
148817919 ;62;1688.0;-1417.0;949.0;229.0;1255.0;-300.0;63.0;45.0;37.0;98;170;
148817931 ;63;1703.0;-1617.0;1310.0;-100.0;1225.0;76.0;64.0;40.0;34.0;31;81;
148817938 ;64;1626.0;-1940.0;1541.0;-536.0;1195.0;428.0;64.0;40.0;34.0;4;252;
148817949 ;65;1645.0;-2275.0;1575.0;-1008.0;1171.0;780.0;57.0;45.0;33.0;88;138;
148817958 ;66;1548.0;-2344.0;1496.0;-1464.0;1195.0;1084.0;57.0;45.0;33.0;225;129;
148817989 ;69;1232.0;-2035.0;633.0;-2821.0;1043.0;1988.0;71.0;37.0;47.0;47;163;
148817998 ;70;645.0;-1789.0;406.0;-3221.0;885.0;2301.0;71.0;37.0;47.0;0;208;
148818009 ;71;-184.0;-1659.0;124.0;-3640.0;717.0;2547.0;66.0;36.0;58.0;214;138;
148818045 ;72;-1021.0;-1520.0;-207.0;-4037.0;460.0;2752.0;66.0;36.0;58.0;13;41;
148818055 ;75;-2080.0;-1762.0;-1064.0;-5060.0;-1239.0;3379.0;80.0;16.0;68.0;102;138;
148818059 ;76;-1746.0;-1788.0;-1082.0;-5328.0;-1874.0;3742.0;80.0;16.0;68.0;108;104;
148818073 ;77;-1235.0;-2055.0;-1199.0;-5484.0;-2105.0;3985.0;86.0;2.0;78.0;93;223;
148818079 ;78;-309.0;-2057.0;-1410.0;-5542.0;-1327.0;4260.0;86.0;2.0;78.0;16;224;
148818090 ;79;157.0;-1897.0;-1665.0;-5445.0;-302.0;4403.0;96.0;-18.0;82.0;117;109;
148818118 ;82;-950.0;-1179.0;-4379.0;-4599.0;3570.0;4566.0;100.0;-38.0;82.0;97;151;
148818129 ;83;-2464.0;-841.0;-6738.0;-4222.0;4880.0;4294.0;96.0;-58.0;94.0;6;80;
148818138 ;84;-3222.0;-807.0;-9652.0;-3586.0;6566.0;3617.0;96.0;-58.0;94.0;54;204;
148818149 ;85;-3082.0;-790.0;-11234.0;-2746.0;7841.0;3130.0;93.0;-71.0;105.0;254;238;
148818161 ;86;-4142.0;-1134.0;-12662.0;-2217.0;8425.0;2743.0;93.0;-71.0;105.0;188;202;
148818201 ;89;-9356.0;-3381.0;-11372.0;-1176.0;8734.0;246.0;49.0;-97.0;133.0;227;47;
148818203 ;90;-11556.0;2248.0;-6934.0;-2145.0;5346.0;-212.0;49.0;-97.0;133.0;219;41;
148818213 ;91;-10185.0;3675.0;-10596.0;-1262.0;1807.0;-77.0;18.0;-100.0;144.0;129;205;
148818218 ;92;-4561.0;2041.0;-9345.0;97.0;-561.0;-577.0;18.0;-100.0;144.0;35;29;
148818258 ;96;-717.0;-1321.0;-11460.0;2705.0;-1002.0;-631.0;24.0;-102.0;142.0;12;176;
148818269 ;97;-2062.0;-2320.0;-11224.0;3489.0;-595.0;-850.0;28.0;-100.0;142.0;157;235;
148818289 ;62;-15115.0;-31779.0;28435.0;-20483.0;6395.0;-23040.0;-28417.0;-5888.0;2592.0;100;1;
148818347 ;102;-3590.0;-1756.0;-6442.0;6418.0;-1884.0;-1509.0;23.0;-75.0;149.0;144;212;
148818349 ;103;-3043.0;-1577.0;-6172.0;6677.0;-2647.0;-1668.0;28.0;-56.0;144.0;242;228;
148818354 ;104;-2329.0;-1092.0;-5881.0;7025.0;-3268.0;-1873.0;28.0;-56.0;144.0;235;179;
148818355 ;10;-10903.0;-29960.0;2301.0;-23575.0;-28132.0;-19983.0;9975.0;-8192.0;-31489.0;0;213;
148818359 ;106;-1587.0;49.0;-6160.0;7743.0;-3826.0;-2489.0;38.0;-32.0;132.0;132;128;
148818376 ;108;-1974.0;2302.0;-4774.0;8321.0;-4119.0;-3333.0;45.0;-15.0;127.0;39;71;
148818389 ;109;-1775.0;3365.0;-3358.0;8335.0;-4326.0;-3710.0;49.0;7.0;105.0;115;225;
148818418 ;112;-305.0;5100.0;3591.0;6406.0;-6985.0;-4695.0;48.0;30.0;82.0;107;233;
148818429 ;113;1071.0;4625.0;6933.0;4835.0;-7567.0;-4945.0;52.0;44.0;58.0;158;126;
148818441 ;114;1885.0;3091.0;8802.0;3232.0;-7780.0;-5037.0;52.0;44.0;58.0;165;17;
148818448 ;115;2795.0;1315.0;6496.0;2532.0;-6537.0;-4895.0;42.0;56.0;38.0;210;162;
148818459 ;116;5024.0;1479.0;4407.0;1699.0;-3904.0;-4950.0;42.0;56.0;38.0;220;238;
148818498 ;117;6887.0;894.0;2974.0;1158.0;-1800.0;-3729.0;28.0;66.0;20.0;22;28;
148818500 ;119;7126.0;1543.0;3818.0;715.0;2320.0;-1303.0;19.0;71.0;21.0;207;247;
148818510 ;121;2375.0;-2392.0;2807.0;-827.0;1163.0;1262.0;19.0;81.0;17.0;73;177;
148818518 ;122;3828.0;-2133.0;5941.0;-1668.0;-531.0;1631.0;19.0;81.0;17.0;205;75;
148818538 ;124;3338.0;-3786.0;5671.0;-3266.0;-2359.0;2859.0;18.0;72.0;18.0;179;61;
148818557 ;126;1394.0;-5192.0;1991.0;-3536.0;-2423.0;3455.0;26.0;68.0;24.0;51;57;
148818569 ;127;442.0;-5742.0;-98.0;-3356.0;-2584.0;3424.0;34.0;64.0;28.0;26;236;
148818582 ;128;419.0;-6909.0;-4805.0;-3354.0;-2891.0;3329.0;34.0;64.0;28.0;107;31;
148818588 ;129;-309.0;-8991.0;-12169.0;-2924.0;-2511.0;2813.0;47.0;57.0;45.0;195;111;
148818651 ;133;-43.0;144.0;-4439.0;4463.0;11280.0;2556.0;58.0;46.0;52.0;7;197;
148818658 ;135;-13120.0;-4116.0;-6207.0;5517.0;6717.0;-2049.0;56.0;48.0;58.0;81;1;
148818678 ;138;1384.0;-3585.0;-6125.0;5413.0;-6485.0;796.0;43.0;55.0;51.0;139;117;
148818688 ;139;1677.0;-3663.0;-3714.0;5867.0;-6109.0;-91.0;49.0;63.0;37.0;158;162;
148818698 ;140;1189.0;-2690.0;-660.0;6478.0;-5173.0;-1046.0;49.0;63.0;37.0;210;80;
148818710 ;141;345.0;-1990.0;3397.0;6491.0;-3723.0;-1476.0;51.0;59.0;5.0;24;120;
148818720 ;142;-541.0;-804.0;7610.0;6334.0;-2860.0;-2193.0;51.0;59.0;5.0;190;46;
148818728 ;143;-677.0;-193.0;12215.0;5113.0;-2470.0;-2734.0;48.0;54.0;-16.0;45;179;
148818739 ;144;-12.0;-1789.0;14431.0;3883.0;-2577.0;-2856.0;48.0;54.0;-16.0;127;55;
148818759 ;146;981.0;-6705.0;-36.0;3042.0;-827.0;-2350.0;36.0;62.0;-34.0;216;168;
148818799 ;147;1945.0;-1877.0;3862.0;3491.0;-109.0;-2764.0;28.0;54.0;-40.0;185;99;
148818801 ;148;5464.0;1748.0;9451.0;1900.0;1302.0;-1444.0;28.0;54.0;-40.0;33;61;
148818809 ;149;3223.0;2166.0;14150.0;-1368.0;1664.0;-601.0;17.0;51.0;-53.0;55;179;
148818810 ;150;3319.0;-2169.0;11856.0;-1939.0;-340.0;83.0;17.0;51.0;-53.0;47;203;
148818812 ;151;4141.0;2069.0;11807.0;-3160.0;-384.0;1585.0;19.0;59.0;-49.0;212;166;
148818818 ;152;8257.0;3190.0;8210.0;-4595.0;6.0;1889.0;19.0;59.0;-49.0;92;0;
148818829 ;153;8413.0;430.0;3607.0;-5445.0;238.0;1104.0;22.0;64.0;-46.0;162;104;
148818838 ;154;4145.0;-1278.0;-556.0;-4641.0;2548.0;1120.0;22.0;64.0;-46.0;39;145;
148818849 ;155;2202.0;-1270.0;-4386.0;-4145.0;3549.0;956.0;25.0;65.0;-27.0;221;239;
148818868 ;157;-838.0;-3162.0;-11565.0;-3839.0;5772.0;-93.0;37.0;73.0;-9.0;85;247;
148818879 ;158;-3142.0;-5976.0;-18883.0;-2448.0;6304.0;-1763.0;37.0;73.0;-9.0;144;136;
148818888 ;159;-2848.0;-6776.0;-18865.0;169.0;4805.0;-310.0;40.0;78.0;8.0;213;17;
148818899 ;160;-6869.0;6121.0;-7857.0;-5.0;5775.0;104.0;40.0;78.0;8.0;143;143;
148818911 ;161;1067.0;14711.0;-11005.0;3027.0;2022.0;-261.0;34.0;76.0;14.0;194;96;
148818951 ;163;2628.0;-4169.0;-3141.0;2968.0;-1502.0;2207.0;33.0;75.0;17.0;82;112;
148818956 ;165;2025.0;143.0;1167.0;3288.0;-3129.0;1390.0;36.0;74.0;4.0;100;132;
148818959 ;166;2041.0;-1740.0;5883.0;3388.0;-2352.0;1420.0;36.0;74.0;4.0;32;166;
148818968 ;167;386.0;-1051.0;10186.0;3124.0;-1663.0;1299.0;42.0;70.0;-10.0;92;206;
148818978 ;168;-1197.0;-95.0;18022.0;1560.0;-1880.0;898.0;42.0;70.0;-10.0;20;254;
148818990 ;169;-1847.0;-3041.0;18060.0;-182.0;-2899.0;585.0;42.0;70.0;-18.0;11;73;
148819008 ;171;-1690.0;-13352.0;-1584.0;-1627.0;-1351.0;559.0;43.0;71.0;-27.0;120;96;
148819019 ;172;3822.0;-6516.0;-1936.0;1502.0;1462.0;-604.0;43.0;71.0;-27.0;65;195;
148819028 ;173;13198.0;709.0;11740.0;1225.0;8171.0;3071.0;41.0;69.0;-21.0;161;185;
148819039 ;174;-5226.0;3952.0;14555.0;-2647.0;2375.0;-330.0;41.0;69.0;-21.0;229;71;
148819062 ;175;-10522.0;404.0;14582.0;-5058.0;146.0;1644.0;51.0;67.0;-13.0;238;184;
148819063 ;176;-6075.0;4372.0;12175.0;-5056.0;-3124.0;2107.0;51.0;67.0;-13.0;128;78;
148819102 ;177;7249.0;-1401.0;3354.0;-7495.0;-3702.0;3043.0;55.0;65.0;-5.0;102;6;
148819103 ;178;6259.0;-5774.0;-1244.0;-6536.0;-4873.0;1562.0;55.0;65.0;-5.0;180;92;
148819108 ;179;2873.0;-6349.0;-2147.0;-5401.0;-638.0;2186.0;68.0;66.0;14.0;69;237;
148819111 ;181;-1666.0;-3578.0;-4847.0;-4615.0;4540.0;1411.0;74.0;54.0;28.0;35;79;
148819118 ;182;-4937.0;-3922.0;-13349.0;-3357.0;4306.0;-165.0;74.0;54.0;28.0;116;158;
148819129 ;183;-8661.0;-3732.0;-16488.0;-2791.0;2156.0;-1244.0;70.0;54.0;50.0;237;199;
148819142 ;184;-7663.0;-6145.0;-17459.0;-1815.0;-1505.0;-701.0;70.0;54.0;50.0;43;7;
148819148 ;185;-4115.0;7000.0;-8386.0;131.0;-1653.0;973.0;77.0;53.0;61.0;229;73;
148819159 ;186;2314.0;10155.0;-8541.0;235.0;-881.0;1790.0;77.0;53.0;61.0;131;71;
148819168 ;187;3155.0;2514.0;2301.0;3700.0;3043.0;-1072.0;75.0;49.0;53.0;16;22;
148819179 ;188;-2400.0;-1443.0;-7483.0;3554.0;546.0;-326.0;75.0;49.0;53.0;246;132;
148819198 ;190;-567.0;-718.0;-1422.0;3911.0;-2074.0;-655.0;70.0;50.0;54.0;152;112;
148819209 ;191;1009.0;-3612.0;3114.0;4241.0;-1859.0;-311.0;75.0;55.0;41.0;176;242;
148819218 ;192;554.0;-3711.0;7430.0;4047.0;-1599.0;-509.0;75.0;55.0;41.0;239;249;
148819252 ;193;359.0;-4946.0;14146.0;2910.0;-1398.0;-912.0;73.0;57.0;27.0;92;120;
148819253 ;194;-723.0;-7695.0;20551.0;917.0;-2297.0;-1336.0;73.0;57.0;27.0;116;0;
148819254 ;195;-1037.0;-13878.0;15669.0;-870.0;-2264.0;-1501.0;72.0;56.0;14.0;64;244;
148819263 ;196;1309.0;-17452.0;4010.0;-1502.0;508.0;136.0;72.0;56.0;14.0;135;239;
148819269 ;197;-1692.0;-8286.0;-348.0;-15.0;3548.0;-1432.0;67.0;67.0;15.0;63;23;
148819280 ;198;16127.0;-2855.0;16844.0;-98.0;9773.0;1766.0;67.0;67.0;15.0;120;8;
148819298 ;200;-10411.0;2165.0;19385.0;-6534.0;-671.0;393.0;67.0;61.0;21.0;124;12;
148819308 ;201;-3319.0;1438.0;6572.0;-8354.0;-5044.0;-80.0;65.0;61.0;41.0;34;12;
148819318 ;202;11714.0;-5635.0;-6775.0;-10945.0;-7164.0;2327.0;65.0;61.0;41.0;250;54;
148819333 ;203;11835.0;-11569.0;-10961.0;-10031.0;-9079.0;2699.0;71.0;55.0;49.0;85;143;
148819338 ;204;2573.0;-7485.0;-14591.0;-5582.0;934.0;3730.0;71.0;55.0;49.0;142;166;
148819351 ;205;-3626.0;-1600.0;-26582.0;-3552.0;6775.0;830.0;85.0;31.0;61.0;206;190;
148819358 ;206;-9342.0;-2413.0;-32767.0;212.0;2173.0;-2394.0;85.0;31.0;61.0;5;223;
148819369 ;207;-16279.0;-2398.0;2680.0;1404.0;4415.0;-598.0;77.0;31.0;81.0;113;105;
148819404 ;10;-13615.0;24779.0;28738.0;14355.0;-17139.0;-20240.0;20221.0;7680.0;21504.0;0;128;
148819408 ;210;4753.0;-4059.0;652.0;2383.0;-7795.0;2326.0;78.0;30.0;84.0;231;17;
148819409 ;211;2714.0;5720.0;68.0;2207.0;-1724.0;-286.0;88.0;20.0;68.0;199;93;
148819420 ;212;-506.0;2611.0;-4912.0;3252.0;-889.0;-1266.0;88.0;20.0;68.0;247;61;
148819428 ;213;651.0;-219.0;-1109.0;3498.0;1711.0;-1178.0;90.0;30.0;64.0;219;107;
148819439 ;214;-1416.0;-1434.0;2842.0;4088.0;1352.0;-735.0;90.0;30.0;64.0;33;145;
148819448 ;215;-2841.0;-3943.0;8899.0;2762.0;365.0;-1591.0;91.0;35.0;59.0;7;185;
148819459 ;216;-365.0;-7300.0;12294.0;899.0;-743.0;-2026.0;91.0;35.0;59.0;139;255;
148819468 ;217;2442.0;-11019.0;9865.0;-520.0;-1079.0;-784.0;83.0;41.0;53.0;100;138;
148819478 ;218;1356.0;-11918.0;5431.0;-873.0;1119.0;384.0;83.0;41.0;53.0;12;198;
148819491 ;219;-213.0;-5565.0;1709.0;-1176.0;4562.0;-147.0;82.0;42.0;42.0;103;183;
148819498 ;220;10427.0;-735.0;11610.0;-1728.0;7070.0;999.0;82.0;42.0;42.0;16;68;
148819509 ;221;-10672.0;1506.0;17097.0;-4417.0;2683.0;-1414.0;75.0;43.0;57.0;116;228;
148819518 ;222;-7998.0;-831.0;15729.0;-6476.0;-1553.0;1784.0;75.0;43.0;57.0;68;68;
148819553 ;223;-6819.0;4427.0;6616.0;-7571.0;-5873.0;3672.0;78.0;44.0;74.0;9;193;
148819554 ;224;9206.0;-2153.0;-2330.0;-10400.0;-7052.0;5969.0;78.0;44.0;74.0;72;38;
148819560 ;225;9342.0;-6615.0;-9806.0;-10306.0;-8378.0;3609.0;97.0;15.0;77.0;229;241;
148819561 ;226;1571.0;-6738.0;-8802.0;-6996.0;-337.0;4985.0;97.0;15.0;77.0;201;181;
148819568 ;227;-4216.0;415.0;-10425.0;-6493.0;5234.0;3753.0;112.0;-14.0;70.0;175;31;
148819579 ;228;-11895.0;1380.0;-21942.0;-6308.0;2266.0;65.0;112.0;-14.0;70.0;210;4;
148819588 ;229;-21460.0;-2697.0;-21132.0;-3820.0;-4722.0;405.0;108.0;-32.0;90.0;47;47;
148819599 ;230;-16095.0;2983.0;-5361.0;-5019.0;-3849.0;3805.0;108.0;-32.0;90.0;102;16;
148819611 ;231;-7987.0;7179.0;-7096.0;-4757.0;-9505.0;3024.0;113.0;-49.0;83.0;143;17;
148819629 ;233;5990.0;3023.0;-3043.0;943.0;-4387.0;-689.0;121.0;-61.0;71.0;198;176;
148819638 ;234;-8891.0;-2664.0;-2091.0;1815.0;-2256.0;-2461.0;121.0;-61.0;71.0;175;87;
148819648 ;235;-9511.0;4187.0;-5508.0;2521.0;-2374.0;-3116.0;130.0;-56.0;60.0;119;45;
148819658 ;236;-6389.0;1026.0;-2727.0;2456.0;-324.0;-3555.0;130.0;-56.0;60.0;75;53;
148819668 ;237;-4724.0;-1250.0;-5176.0;2856.0;880.0;-4371.0;130.0;-42.0;56.0;108;160;
148819704 ;238;-2017.0;-986.0;-5024.0;3877.0;2983.0;-5643.0;130.0;-42.0;56.0;240;124;
148819705 ;239;-35.0;-1229.0;-7639.0;4196.0;5056.0;-5291.0;126.0;-30.0;50.0;70;172;
148819706 ;240;1666.0;-771.0;-2746.0;4895.0;7038.0;-4658.0;126.0;-30.0;50.0;237;247;
148819710 ;241;5279.0;-53.0;11613.0;4027.0;6719.0;-3271.0;113.0;-7.0;59.0;21;3;
148819718 ;242;5672.0;-4789.0;15082.0;1297.0;-1297.0;-2597.0;113.0;-7.0;59.0;41;243;
148819729 ;243;5267.0;-22360.0;12017.0;-1054.0;-2145.0;-3591.0;102.0;6.0;64.0;60;216;
148819738 ;244;-645.0;-15304.0;754.0;-1472.0;4015.0;43.0;102.0;6.0;64.0;85;69;
148819752 ;245;13800.0;-8570.0;4564.0;-977.0;7814.0;-1174.0;99.0;11.0;65.0;104;108;
148819771 ;247;-6013.0;5394.0;15539.0;-5119.0;-215.0;-2661.0;89.0;19.0;83.0;6;114;
148819778 ;248;-11508.0;2710.0;5333.0;-6667.0;-2387.0;4272.0;89.0;19.0;83.0;134;162;
148819789 ;249;204.0;617.0;-3544.0;-5706.0;-6618.0;5085.0;80.0;8.0;102.0;205;193;
148819798 ;250;7683.0;-1515.0;-15385.0;-7728.0;-10418.0;4963.0;80.0;8.0;102.0;8;224;
148819809 ;251;-2828.0;-1305.0;-16777.0;-5633.0;-12145.0;4818.0;100.0;-20.0;92.0;249;167;
148819855 ;253;-8522.0;-2461.0;-22013.0;1160.0;-1119.0;1107.0;124.0;-38.0;66.0;215;25;
148819858 ;254;-6660.0;-2568.0;-4665.0;1209.0;-2855.0;4143.0;124.0;-38.0;66.0;10;94;
148819863 ;255;-3396.0;2157.0;6218.0;-2057.0;-9061.0;4554.0;129.0;-39.0;65.0;136;214;
148819864 ;0;1511.0;2808.0;-432.0;-979.0;-9871.0;2976.0;129.0;-39.0;65.0;30;160;
148819868 ;1;14825.0;6370.0;4948.0;1027.0;-1199.0;1429.0;131.0;-59.0;39.0;9;229;
148819879 ;2;159.0;6791.0;2287.0;730.0;4230.0;-2270.0;131.0;-59.0;39.0;92;200;
148819894 ;3;-7884.0;-2275.0;-285.0;615.0;985.0;-1706.0;136.0;-58.0;32.0;56;138;
148819899 ;4;-5324.0;-324.0;1145.0;188.0;-883.0;-256.0;136.0;-58.0;32.0;53;109;
148819910 ;5;-2147.0;-1821.0;263.0;-61.0;-121.0;231.0;133.0;-49.0;39.0;79;105;
148819918 ;6;-2467.0;-3042.0;-1907.0;253.0;1514.0;-173.0;133.0;-49.0;39.0;210;52;
148819929 ;7;-3139.0;-3128.0;-5127.0;978.0;3936.0;-474.0;138.0;-52.0;36.0;97;177;
148819938 ;8;-4144.0;-3799.0;-8069.0;1637.0;6965.0;-763.0;138.0;-52.0;36.0;156;118;
148819949 ;9;-4776.0;-3640.0;-8960.0;2068.0;8394.0;-689.0;130.0;-46.0;52.0;231;173;
148819958 ;10;-6873.0;-4012.0;-9833.0;2012.0;7143.0;-271.0;130.0;-46.0;52.0;79;187;
148819969 ;11;-8084.0;-5616.0;-10268.0;1791.0;4974.0;459.0;123.0;-39.0;69.0;32;50;
148820008 ;12;-9286.0;-7420.0;-8639.0;2154.0;2271.0;391.0;123.0;-39.0;69.0;74;20;
148820009 ;13;-8740.0;-8357.0;-6329.0;2528.0;354.0;-338.0;118.0;-42.0;84.0;239;211;
148820015 ;14;-6543.0;-7397.0;-3775.0;2744.0;267.0;-739.0;118.0;-42.0;84.0;70;168;
148820016 ;15;-4069.0;-5517.0;-1846.0;2493.0;1107.0;-500.0;114.0;-38.0;78.0;35;109;
148820023 ;16;-3553.0;-5115.0;-1154.0;2560.0;2408.0;-565.0;114.0;-38.0;78.0;145;255;
148820031 ;17;-4592.0;-5235.0;-1187.0;2665.0;3524.0;-966.0;110.0;-32.0;82.0;34;74;
148820038 ;18;-6492.0;-5550.0;-1834.0;2604.0;3525.0;-1262.0;110.0;-32.0;82.0;132;200;
148820051 ;19;-6715.0;-5007.0;-4379.0;2682.0;2591.0;-1441.0;107.0;-31.0;91.0;195;97;
148820058 ;20;-5795.0;-3965.0;-5870.0;2887.0;1302.0;-1491.0;107.0;-31.0;91.0;44;164;
148820072 ;21;-4877.0;-3289.0;-9272.0;3305.0;324.0;-1606.0;100.0;-16.0;94.0;121;49;
148820078 ;22;-4096.0;-2002.0;-11327.0;4099.0;-662.0;-1699.0;100.0;-16.0;94.0;107;29;
148820089 ;23;-3664.0;-1254.0;-10968.0;4854.0;-1924.0;-1806.0;100.0;-10.0;86.0;9;49;
148820098 ;24;-2855.0;-1073.0;-9932.0;5538.0;-2985.0;-1982.0;100.0;-10.0;86.0;209;83;
148820109 ;25;-2062.0;-755.0;-8076.0;6085.0;-3687.0;-2266.0;101.0;5.0;73.0;192;16;
148820121 ;26;-1189.0;-333.0;-6030.0;6521.0;-3907.0;-2579.0;101.0;5.0;73.0;121;91;
148820158 ;27;-470.0;117.0;-3986.0;6807.0;-3690.0;-2885.0;92.0;12.0;56.0;199;195;
148820159 ;28;340.0;490.0;-1986.0;6915.0;-3256.0;-3126.0;92.0;12.0;56.0;114;188;
148820163 ;30;1303.0;864.0;1023.0;6702.0;-2056.0;-3168.0;102.0;22.0;36.0;51;133;
148820171 ;31;1464.0;1003.0;2211.0;6456.0;-1440.0;-3179.0;91.0;31.0;15.0;91;93;
148820178 ;32;1678.0;1069.0;2863.0;6051.0;-685.0;-3127.0;91.0;31.0;15.0;152;228;
148820191 ;33;2098.0;634.0;2855.0;5709.0;53.0;-3040.0;84.0;42.0;-2.0;90;160;
148820196 ;34;2295.0;224.0;2685.0;5569.0;768.0;-2804.0;84.0;42.0;-2.0;7;49;
148820209 ;35;2261.0;243.0;4486.0;5252.0;1304.0;-2385.0;79.0;45.0;-13.0;124;10;
148820218 ;36;1917.0;599.0;7258.0;4527.0;1461.0;-1926.0;79.0;45.0;-13.0;251;133;
148820229 ;37;1525.0;189.0;8566.0;3591.0;537.0;-1516.0;69.0;41.0;-27.0;45;159;
148820249 ;39;1563.0;-1387.0;7733.0;1945.0;-820.0;-857.0;62.0;46.0;-30.0;172;172;
148820262 ;40;4196.0;540.0;7818.0;1994.0;108.0;-413.0;62.0;46.0;-30.0;119;205;
148820309 ;42;3077.0;3494.0;9149.0;-1063.0;4044.0;1334.0;65.0;43.0;-39.0;38;162;
148820312 ;43;-1373.0;1111.0;10663.0;-3421.0;1931.0;1114.0;64.0;42.0;-38.0;229;73;
148820319 ;45;-3424.0;3960.0;7065.0;-4652.0;-2904.0;2866.0;73.0;37.0;-23.0;20;134;
148820342 ;47;4855.0;-121.0;-951.0;-7695.0;-4294.0;2994.0;79.0;33.0;-19.0;65;45;
148820343 ;48;2604.0;-3131.0;-1631.0;-5861.0;-2618.0;2666.0;79.0;33.0;-19.0;113;143;
148820349 ;49;-546.0;-3059.0;-4196.0;-4712.0;-709.0;2798.0;82.0;34.0;-12.0;222;158;
148820358 ;50;-2991.0;-2429.0;-7562.0;-4096.0;1366.0;2377.0;82.0;34.0;-12.0;118;196;
148820368 ;51;-4315.0;-2078.0;-11564.0;-3587.0;3249.0;1192.0;92.0;32.0;-6.0;188;164;
148820376 ;52;-5998.0;-4403.0;-18106.0;-2260.0;3379.0;516.0;92.0;32.0;-6.0;112;34;
148820389 ;53;-8856.0;-6958.0;-15454.0;-348.0;2833.0;212.0;94.0;30.0;10.0;215;35;
148820408 ;55;-2323.0;3416.0;2448.0;843.0;-165.0;680.0;88.0;28.0;16.0;24;216;
148820419 ;56;573.0;3674.0;1170.0;642.0;337.0;1206.0;88.0;28.0;16.0;179;217;
148820459 ;57;-707.0;5231.0;1824.0;2015.0;3889.0;-1440.0;95.0;23.0;7.0;68;188;
148820463 ;59;-5546.0;-534.0;1016.0;1163.0;-1876.0;-878.0;95.0;29.0;13.0;209;187;
148820470 ;60;-453.0;-510.0;863.0;1168.0;-1801.0;-962.0;95.0;29.0;13.0;71;101;
148820471 ;61;2102.0;-2940.0;1694.0;1317.0;-1260.0;-914.0;84.0;34.0;10.0;228;224;
148820518 ;66;200.0;-6888.0;7433.0;-1665.0;-906.0;260.0;88.0;36.0;6.0;200;58;
148820529 ;67;-294.0;-8027.0;1345.0;-1822.0;374.0;568.0;90.0;32.0;-2.0;18;96;
148820541 ;68;1317.0;-4930.0;-854.0;-923.0;1338.0;-282.0;90.0;32.0;-2.0;227;143;
148820548 ;69;8166.0;-2676.0;3012.0;-286.0;2593.0;970.0;89.0;37.0;-1.0;24;162;
148820559 ;63;-30215.0;-14068.0;21513.0;-24318.0;23321.0;22791.0;9472.0;-256.0;-513.0;32;176;
148820610 ;72;-4425.0;1881.0;9213.0;-6733.0;-154.0;2756.0;89.0;35.0;9.0;231;201;
148820613 ;73;-5678.0;2733.0;4418.0;-5876.0;-5508.0;3679.0;90.0;38.0;16.0;144;226;
148820616 ;74;5644.0;-707.0;1515.0;-7215.0;-6058.0;4604.0;90.0;38.0;16.0;79;89;
148820619 ;76;3807.0;-2604.0;-2938.0;-5732.0;-2350.0;3348.0;100.0;24.0;18.0;162;194;
148820638 ;78;1447.0;604.0;-5457.0;-5193.0;3363.0;3343.0;108.0;16.0;22.0;155;199;
148820648 ;79;-837.0;3.0;-7089.0;-4975.0;4661.0;2367.0;114.0;8.0;34.0;14;190;
148820658 ;10;-2223.0;-13590.0;-8455.0;6888.0;-31508.0;-19957.0;30214.0;0.0;12288.0;0;153;
148820709 ;85;-3742.0;6942.0;-5710.0;-5293.0;3144.0;1846.0;116.0;-22.0;72.0;26;86;
