148718640 ;1;10550.0;-5399.0;14472.0;-826.0;6198.0;-1888.0;-86.0;-226.0;26.0;165;101;
148718641 ;2;11575.0;11395.0;21581.0;-115.0;11474.0;1337.0;-86.0;-226.0;26.0;136;154;
148718650 ;3;-4096.0;4077.0;19607.0;-6297.0;6761.0;-2438.0;27.0;49.0;-63.0;73;139;
148718687 ;4;-12980.0;5082.0;20328.0;-8170.0;890.0;832.0;27.0;49.0;-63.0;173;153;
148718689 ;5;-4655.0;7478.0;6647.0;-9217.0;-4702.0;1878.0;38.0;60.0;-48.0;71;217;
148718691 ;6;9996.0;36.0;-2530.0;-10943.0;-5734.0;3624.0;38.0;60.0;-48.0;155;63;
148718695 ;7;12292.0;-4673.0;-8601.0;-11189.0;-7649.0;3109.0;39.0;71.0;-19.0;1;203;
148718696 ;8;9029.0;-6896.0;-6190.0;-9080.0;-1571.0;5485.0;39.0;71.0;-19.0;94;254;
148718730 ;9;1431.0;-2493.0;-7644.0;-6817.0;3318.0;4683.0;39.0;67.0;-5.0;21;187;
148718732 ;10;-4521.0;-662.0;-6721.0;-6469.0;5217.0;1851.0;39.0;67.0;-5.0;64;32;
148718739 ;11;-10086.0;-3105.0;-4568.0;-7163.0;2451.0;836.0;62.0;66.0;22.0;241;223;
148718740 ;12;-12278.0;-5838.0;-3850.0;-8705.0;-4663.0;2445.0;62.0;66.0;22.0;207;201;
148718747 ;13;-9102.0;-1650.0;-4667.0;-8288.0;-7167.0;4257.0;60.0;56.0;42.0;113;211;
148718756 ;13;-3991.0;9469.0;-6981.0;-8911.0;-6549.0;4220.0;60.0;56.0;42.0;218;27;
148718790 ;15;4995.0;10880.0;-11639.0;-7593.0;-4022.0;5194.0;76.0;40.0;58.0;83;75;
148718799 ;18;-6356.0;3377.0;-12706.0;685.0;28.0;2739.0;92.0;20.0;60.0;237;33;
148718842 ;73;-17152.0;2592.0;-20971.0;-4882.0;6661.0;-25099.0;-16629.0;-22549.0;28164.0;0;155;
148718850 ;23;-3118.0;-423.0;2481.0;2513.0;-1355.0;-220.0;112.0;8.0;52.0;111;3;
148718859 ;219;-14601.0;-29701.0;5152.0;28934.0;6658.0;28927.0;2048.0;13312.0;-11776.0;32;160;
148718916 ;29;3124.0;-4467.0;-2065.0;-2212.0;6534.0;-163.0;114.0;14.0;48.0;230;174;
148718917 ;29;9990.0;-231.0;-1077.0;-1522.0;11705.0;1586.0;114.0;14.0;48.0;41;216;
148718951 ;32;-7525.0;3116.0;8693.0;-4992.0;6487.0;-2780.0;103.0;11.0;71.0;195;95;
148718954 ;33;-14189.0;6831.0;-242.0;-7029.0;3544.0;-115.0;79.0;5.0;89.0;9;207;
148718991 ;36;2358.0;-464.0;-10863.0;-7573.0;-1924.0;-456.0;72.0;-2.0;106.0;199;83;
148719200 ;42;-5993.0;4993.0;8.0;-4878.0;-1334.0;-114.0;77.0;-47.0;129.0;98;88;
148719205 ;46;3229.0;5914.0;-7716.0;-1365.0;-3298.0;4023.0;74.0;-80.0;126.0;134;218;
148719224 ;48;37.0;3200.0;-6236.0;-618.0;-3653.0;3441.0;82.0;-92.0;116.0;140;208;
148719224 ;50;-2994.0;679.0;-3642.0;-656.0;-2505.0;2836.0;90.0;-106.0;114.0;109;34;
148719224 ;52;-4696.0;-1289.0;-5889.0;-1228.0;-186.0;2186.0;97.0;-113.0;101.0;37;193;
148719225 ;53;-5084.0;-2545.0;-7235.0;-1698.0;688.0;1965.0;98.0;-116.0;94.0;183;128;
148719225 ;55;-5016.0;-6306.0;-8755.0;-1731.0;2133.0;1329.0;93.0;-127.0;95.0;169;225;
148719226 ;56;-5319.0;-7854.0;-8191.0;-1590.0;2278.0;1187.0;93.0;-127.0;95.0;80;148;
148719229 ;58;-5816.0;-9655.0;-9526.0;-1695.0;810.0;1206.0;91.0;-131.0;101.0;217;141;
148719234 ;60;-3552.0;-5609.0;-10405.0;-969.0;128.0;953.0;79.0;-137.0;101.0;68;230;
148719235 ;106;-30223.0;26101.0;17875.0;15102.0;-20223.0;20993.0;27648.0;25855.0;-14080.0;32;13;
148719247 ;63;-7199.0;1468.0;-12328.0;368.0;-940.0;-787.0;74.0;-146.0;98.0;88;200;
148719256 ;64;-6949.0;3797.0;-12762.0;1259.0;-1784.0;-1293.0;74.0;-146.0;98.0;246;200;
148719290 ;65;-6442.0;6226.0;-14095.0;2263.0;-2152.0;-1946.0;77.0;-143.0;103.0;58;162;
148719291 ;66;-5776.0;8478.0;-15336.0;3628.0;-2020.0;-2583.0;77.0;-143.0;103.0;48;108;
148719301 ;67;-5427.0;9815.0;-14299.0;4883.0;-1972.0;-2985.0;87.0;-135.0;101.0;119;113;
148719302 ;68;-4770.0;9392.0;-11928.0;5957.0;-2062.0;-3288.0;87.0;-135.0;101.0;90;200;
148719317 ;70;-2850.0;9760.0;-7758.0;7173.0;-1295.0;-3683.0;94.0;-118.0;100.0;0;34;
148719351 ;71;-2229.0;9351.0;-6531.0;7536.0;-1008.0;-3708.0;99.0;-99.0;103.0;53;123;
148719354 ;72;-1732.0;8664.0;-5666.0;7833.0;-1034.0;-3632.0;99.0;-99.0;103.0;54;164;
148719357 ;73;-1280.0;8083.0;-4888.0;8106.0;-1315.0;-3613.0;100.0;-78.0;102.0;227;223;
148719359 ;74;-691.0;7751.0;-3689.0;8227.0;-1401.0;-3611.0;100.0;-78.0;102.0;192;202;
148719367 ;75;66.0;7311.0;-2837.0;8218.0;-1745.0;-3608.0;108.0;-46.0;96.0;25;123;
148719376 ;76;612.0;7097.0;-2272.0;8018.0;-1805.0;-3628.0;108.0;-46.0;96.0;133;55;
148719409 ;77;381.0;6406.0;-2064.0;7658.0;-1456.0;-3811.0;102.0;-22.0;90.0;3;155;
148719445 ;79;712.0;5841.0;-469.0;7053.0;-290.0;-3524.0;103.0;-1.0;75.0;181;233;
148719446 ;80;736.0;5820.0;2751.0;6240.0;5.0;-3231.0;103.0;-1.0;75.0;120;68;
148719447 ;81;802.0;5138.0;5519.0;5161.0;73.0;-2872.0;98.0;18.0;64.0;96;190;
148719455 ;82;1268.0;3505.0;6127.0;4671.0;-443.0;-2379.0;98.0;18.0;64.0;43;41;
148719456 ;83;2152.0;2605.0;6788.0;4143.0;-636.0;-2046.0;94.0;30.0;54.0;46;106;
148719462 ;84;3415.0;1813.0;7863.0;3035.0;-172.0;-1407.0;94.0;30.0;54.0;57;233;
148719472 ;85;3781.0;1173.0;7495.0;2478.0;849.0;-782.0;86.0;38.0;42.0;238;222;
148719476 ;86;5293.0;922.0;8355.0;1800.0;2476.0;-82.0;86.0;38.0;42.0;184;126;
148719509 ;87;3947.0;1333.0;8362.0;886.0;3452.0;958.0;84.0;38.0;30.0;90;118;
148719511 ;88;-659.0;407.0;7737.0;-871.0;2597.0;648.0;84.0;38.0;30.0;193;255;
148719514 ;89;-2583.0;159.0;7718.0;-2176.0;375.0;873.0;84.0;38.0;44.0;69;253;
148719517 ;90;-1012.0;839.0;8177.0;-3505.0;-1357.0;1582.0;84.0;38.0;44.0;174;168;
148719549 ;91;-1162.0;2209.0;5600.0;-4625.0;-2633.0;1800.0;85.0;37.0;41.0;206;182;
148719551 ;92;2235.0;1623.0;4016.0;-5624.0;-3418.0;2244.0;85.0;37.0;41.0;94;8;
148719552 ;92;2235.0;1623.0;4016.0;-5624.0;-3418.0;2244.0;85.0;37.0;41.0;94;8;
148719595 ;232;394.0;2520.0;97.0;19.0;55.0;8332.0;24586.0;1108.0;-351.0;165;60;
148719601 ;98;-2756.0;516.0;-12664.0;-5647.0;3800.0;1504.0;103.0;5.0;69.0;111;205;
148719636 ;101;-7696.0;-4041.0;-14955.0;-2563.0;3051.0;843.0;98.0;-16.0;96.0;200;100;
148719649 ;103;-5104.0;3697.0;257.0;-1899.0;898.0;-661.0;92.0;-20.0;106.0;57;145;
148719656 ;104;-5425.0;6170.0;-3569.0;-708.0;1179.0;163.0;92.0;-20.0;106.0;170;64;
148719686 ;105;-2393.0;4519.0;118.0;-336.0;512.0;-1166.0;89.0;-33.0;115.0;37;29;
148719689 ;106;-1324.0;-3819.0;-3181.0;-789.0;-1380.0;157.0;89.0;-33.0;115.0;178;12;
148719700 ;108;417.0;204.0;-4956.0;-991.0;-2110.0;396.0;88.0;-26.0;114.0;166;52;
148719742 ;110;171.0;-1092.0;-4349.0;-327.0;-746.0;-107.0;91.0;-31.0;107.0;240;172;
148719745 ;112;-604.0;-1810.0;-6535.0;230.0;367.0;-152.0;94.0;-30.0;104.0;228;190;
148719786 ;115;-2226.0;-1257.0;-6847.0;1234.0;1164.0;-170.0;99.0;-35.0;103.0;123;121;
148719792 ;117;-2808.0;-1926.0;-3994.0;889.0;-453.0;-166.0;93.0;-25.0;109.0;34;132;
148719825 ;119;-2679.0;-2207.0;-1401.0;574.0;-2155.0;-321.0;93.0;-31.0;107.0;41;253;
148719832 ;121;-912.0;-2064.0;2109.0;-164.0;-2117.0;-319.0;94.0;-32.0;102.0;170;26;
148719847 ;123;633.0;-2409.0;4480.0;-1484.0;-1258.0;-81.0;96.0;-26.0;96.0;208;176;
148719856 ;124;775.0;-2681.0;5789.0;-2275.0;-685.0;79.0;96.0;-26.0;96.0;55;185;
148719894 ;125;500.0;-3256.0;4162.0;-2940.0;-475.0;346.0;103.0;-31.0;99.0;201;161;
148719896 ;127;-704.0;-2284.0;506.0;-3596.0;235.0;874.0;98.0;-36.0;94.0;196;104;
148719901 ;128;15.0;-1163.0;-292.0;-3524.0;594.0;702.0;98.0;-36.0;94.0;224;52;
148719909 ;129;404.0;-600.0;-1047.0;-3433.0;565.0;1181.0;100.0;-42.0;96.0;195;159;
148719945 ;131;-982.0;245.0;-2307.0;-4096.0;1157.0;1706.0;103.0;-47.0;97.0;124;116;
148719947 ;132;-2380.0;298.0;-3401.0;-4189.0;1036.0;1831.0;103.0;-47.0;97.0;148;206;
148719949 ;133;-3826.0;727.0;-3414.0;-4563.0;54.0;1969.0;100.0;-64.0;102.0;181;163;
148719956 ;134;-3719.0;1109.0;-4124.0;-5029.0;-806.0;2190.0;100.0;-64.0;102.0;130;84;
148719986 ;136;-2688.0;1749.0;-8999.0;-4453.0;-1767.0;2254.0;103.0;-83.0;99.0;158;4;
148719990 ;137;-2182.0;1646.0;-11272.0;-4017.0;-2412.0;2401.0;104.0;-96.0;96.0;253;143;
148720007 ;139;-2397.0;628.0;-14445.0;-2002.0;-2110.0;2075.0;103.0;-107.0;87.0;114;124;
148720044 ;140;-2287.0;-565.0;-12631.0;-1644.0;-1342.0;1820.0;103.0;-107.0;87.0;187;5;
148720045 ;141;-357.0;-1353.0;-6768.0;-1182.0;94.0;1909.0;106.0;-114.0;86.0;250;2;
148720051 ;143;-574.0;4700.0;1147.0;-1581.0;2345.0;2031.0;103.0;-123.0;87.0;155;3;
148720057 ;144;-3832.0;6622.0;-1392.0;-2082.0;2348.0;1704.0;103.0;-123.0;87.0;46;6;
148720085 ;145;-6587.0;6725.0;-2134.0;-1326.0;1451.0;862.0;96.0;-126.0;80.0;244;140;
148720087 ;146;-5571.0;2723.0;-2546.0;-1150.0;-136.0;688.0;96.0;-126.0;80.0;107;63;
148720089 ;147;-2027.0;2663.0;-3928.0;-910.0;-1620.0;1287.0;99.0;-135.0;91.0;40;6;
148720096 ;148;-550.0;4428.0;-4431.0;-202.0;-1634.0;1237.0;99.0;-135.0;91.0;108;90;
148720122 ;149;-633.0;4359.0;-5389.0;165.0;-1491.0;917.0;89.0;-137.0;83.0;190;172;
148720125 ;150;-1062.0;3840.0;-5203.0;611.0;-1609.0;665.0;89.0;-137.0;83.0;14;226;
148720136 ;152;-1457.0;2459.0;-4808.0;1354.0;-1891.0;128.0;97.0;-139.0;81.0;94;80;
148720163 ;153;-2002.0;2552.0;-4775.0;1667.0;-1876.0;-66.0;94.0;-140.0;74.0;53;47;
148720195 ;154;-2348.0;2429.0;-4710.0;1808.0;-1686.0;-181.0;94.0;-140.0;74.0;122;62;
148720201 ;156;-3501.0;2124.0;-4385.0;1817.0;-2200.0;-492.0;100.0;-140.0;76.0;224;170;
148720202 ;157;-3521.0;1856.0;-3568.0;1670.0;-2182.0;-650.0;103.0;-141.0;77.0;215;255;
148720209 ;159;-1785.0;1547.0;-1684.0;1292.0;-2059.0;-895.0;113.0;-135.0;71.0;233;21;
148720216 ;160;-466.0;1279.0;-845.0;1153.0;-1114.0;-872.0;113.0;-135.0;71.0;146;226;
148720241 ;161;460.0;955.0;59.0;957.0;110.0;-752.0;110.0;-128.0;68.0;253;173;
148720244 ;162;681.0;582.0;325.0;725.0;1205.0;-566.0;110.0;-128.0;68.0;141;39;
148720274 ;164;-226.0;-54.0;954.0;-16.0;2221.0;-137.0;119.0;-127.0;71.0;201;143;
148720277 ;166;-1144.0;-396.0;181.0;-823.0;1725.0;186.0;111.0;-121.0;71.0;248;164;
148720301 ;167;-1560.0;-379.0;-365.0;-1165.0;1372.0;363.0;105.0;-123.0;77.0;59;111;
148720304 ;168;-1832.0;-182.0;-1068.0;-1415.0;975.0;504.0;105.0;-123.0;77.0;50;208;
148720346 ;170;-1919.0;508.0;-1941.0;-1815.0;88.0;805.0;105.0;-131.0;79.0;66;92;
148720347 ;171;-1956.0;875.0;-2918.0;-1876.0;-198.0;975.0;102.0;-128.0;78.0;7;41;
148720351 ;172;-2218.0;1240.0;-4720.0;-1752.0;-238.0;1064.0;102.0;-128.0;78.0;13;193;
148720352 ;173;-2644.0;1731.0;-6236.0;-1437.0;-127.0;1040.0;104.0;-134.0;76.0;234;10;
148720357 ;10;-30034.0;20979.0;3336.0;7394.0;26364.0;-3841.0;26627.0;31232.0;19711.0;0;106;
148720366 ;175;-3681.0;2348.0;-8429.0;-563.0;-332.0;981.0;98.0;-140.0;80.0;9;23;
148720376 ;176;-3938.0;2384.0;-8288.0;-222.0;-773.0;1052.0;98.0;-140.0;80.0;157;169;
148720400 ;177;-3298.0;2580.0;-7159.0;108.0;-791.0;1153.0;97.0;-145.0;71.0;227;207;
148720402 ;178;-2233.0;2805.0;-5788.0;231.0;-500.0;1148.0;97.0;-145.0;71.0;237;129;
148720407 ;179;-1422.0;3605.0;-3551.0;286.0;217.0;1144.0;93.0;-143.0;69.0;5;245;
148720416 ;180;-2313.0;5013.0;-3086.0;-201.0;450.0;923.0;93.0;-143.0;69.0;1;29;
148720440 ;181;-3246.0;4351.0;-1558.0;-364.0;623.0;902.0;99.0;-147.0;69.0;182;244;
148720442 ;182;-3229.0;3787.0;-2264.0;57.0;895.0;390.0;99.0;-147.0;69.0;132;96;
148720456 ;184;-2911.0;3531.0;-2952.0;810.0;732.0;-370.0;98.0;-148.0;72.0;103;179;
148720496 ;185;-2634.0;3476.0;-3769.0;1116.0;613.0;-652.0;92.0;-148.0;72.0;174;206;
148720497 ;186;-2562.0;3318.0;-4016.0;1555.0;535.0;-940.0;92.0;-148.0;72.0;170;238;
148720499 ;187;-2426.0;3153.0;-4161.0;1797.0;478.0;-1125.0;93.0;-147.0;83.0;9;205;
148720512 ;188;-2283.0;2701.0;-4343.0;1991.0;564.0;-1268.0;93.0;-147.0;83.0;168;136;
148720514 ;189;-2119.0;2237.0;-4668.0;2171.0;756.0;-1365.0;94.0;-144.0;84.0;76;20;
148720521 ;190;-1943.0;1962.0;-4946.0;2374.0;955.0;-1412.0;94.0;-144.0;84.0;56;30;
148720527 ;191;-2100.0;1757.0;-5091.0;2506.0;1022.0;-1418.0;95.0;-137.0;81.0;2;176;
148720551 ;193;-2104.0;1155.0;-4971.0;2633.0;855.0;-1407.0;98.0;-126.0;96.0;29;57;
148720559 ;194;-2105.0;799.0;-4494.0;2587.0;494.0;-1375.0;98.0;-126.0;96.0;30;130;
148720567 ;195;-1895.0;373.0;-3926.0;2514.0;29.0;-1312.0;99.0;-117.0;97.0;174;12;
148720576 ;196;-1742.0;64.0;-3353.0;2419.0;-463.0;-1206.0;99.0;-117.0;97.0;112;2;
148720597 ;197;-1601.0;-201.0;-2765.0;2279.0;-955.0;-1122.0;99.0;-109.0;97.0;36;250;
148720600 ;198;-1457.0;-356.0;-2332.0;2130.0;-1420.0;-1025.0;99.0;-109.0;97.0;197;151;
148720609 ;199;-1332.0;-465.0;-1976.0;1923.0;-1877.0;-929.0;101.0;-103.0;99.0;12;174;
148720649 ;201;-1050.0;-719.0;-1304.0;1485.0;-2611.0;-741.0;103.0;-99.0;97.0;244;82;
148720651 ;202;-846.0;-864.0;-1150.0;1274.0;-2796.0;-622.0;103.0;-99.0;97.0;181;159;
148720655 ;203;-637.0;-940.0;-1031.0;1073.0;-2845.0;-495.0;108.0;-96.0;92.0;59;151;
148720656 ;204;-510.0;-1000.0;-944.0;901.0;-2778.0;-342.0;108.0;-96.0;92.0;8;60;
148720676 ;205;-528.0;-962.0;-695.0;738.0;-2699.0;-166.0;114.0;-90.0;84.0;118;38;
148720679 ;206;-571.0;-973.0;-408.0;532.0;-2703.0;23.0;114.0;-90.0;84.0;77;127;
148720687 ;207;-645.0;-1015.0;-252.0;312.0;-2655.0;255.0;115.0;-85.0;75.0;175;147;
148720697 ;208;-682.0;-997.0;-237.0;104.0;-2579.0;475.0;115.0;-85.0;75.0;4;156;
148720716 ;210;-657.0;-789.0;-253.0;-279.0;-2212.0;966.0;121.0;-87.0;63.0;180;232;
148720736 ;211;-657.0;-637.0;-241.0;-465.0;-1923.0;1220.0;128.0;-86.0;62.0;200;154;
148720740 ;212;-604.0;-583.0;-138.0;-658.0;-1488.0;1469.0;128.0;-86.0;62.0;136;96;
148720751 ;213;-509.0;-545.0;-390.0;-831.0;-738.0;1713.0;131.0;-87.0;55.0;69;47;
148720756 ;214;-683.0;-375.0;-1260.0;-906.0;259.0;1886.0;131.0;-87.0;55.0;37;255;
148720799 ;215;-1236.0;-6.0;-2272.0;-876.0;1508.0;1952.0;124.0;-98.0;56.0;169;243;
148720801 ;216;-1855.0;399.0;-3614.0;-761.0;2903.0;1877.0;124.0;-98.0;56.0;49;135;
148720858 ;224;-6677.0;2914.0;-9653.0;1594.0;3354.0;-206.0;96.0;-118.0;106.0;87;165;
148720875 ;225;-5864.0;3748.0;-9267.0;2160.0;1023.0;-536.0;80.0;-118.0;108.0;10;94;
148720877 ;10;-4382.0;29422.0;-2804.0;-3619.0;9737.0;-25860.0;20733.0;-30208.0;27903.0;0;152;
148720951 ;232;-1767.0;750.0;-5320.0;4792.0;-449.0;-2130.0;86.0;-92.0;114.0;78;80;
148720967 ;235;-242.0;-319.0;-2112.0;5032.0;536.0;-2126.0;89.0;-61.0;117.0;166;204;
148720997 ;238;645.0;-1055.0;4551.0;4443.0;-633.0;-1657.0;86.0;-42.0;114.0;96;204;
148721031 ;241;2598.0;-3605.0;8309.0;1264.0;-570.0;-1156.0;86.0;-14.0;100.0;149;207;
148721038 ;242;2996.0;-3684.0;5749.0;409.0;563.0;-963.0;86.0;-14.0;100.0;166;62;
148721217 ;1;-3268.0;3416.0;-3973.0;1674.0;485.0;-101.0;88.0;-48.0;116.0;213;53;
148721217 ;2;-13507.0;14960.0;-1852.0;4890.0;4487.0;-3586.0;88.0;-48.0;116.0;233;59;
148721218 ;3;-8214.0;-7571.0;-3538.0;3207.0;-1609.0;-3120.0;85.0;-47.0;127.0;15;173;
148721218 ;4;-4944.0;-1531.0;-5300.0;2603.0;-2449.0;-732.0;85.0;-47.0;127.0;95;79;
148721250 ;5;-2386.0;1546.0;-6836.0;2148.0;-1560.0;-755.0;85.0;-31.0;119.0;23;99;
148721251 ;6;-294.0;-518.0;-6900.0;2934.0;-222.0;-1765.0;85.0;-31.0;119.0;82;152;
148721260 ;8;1097.0;-3271.0;-4424.0;4158.0;248.0;-1825.0;85.0;-27.0;113.0;24;60;
148721267 ;9;1577.0;-3299.0;-3997.0;4573.0;-126.0;-1421.0;79.0;-17.0;105.0;71;127;
148721293 ;11;-364.0;-3372.0;-861.0;4912.0;-557.0;-1121.0;75.0;-3.0;99.0;131;113;
148721316 ;14;-1876.0;-3108.0;7820.0;3413.0;-1861.0;-1286.0;75.0;13.0;93.0;19;205;
148721327 ;15;-3375.0;-3999.0;8306.0;2598.0;-2365.0;-1441.0;77.0;27.0;87.0;224;120;
148721336 ;16;-3482.0;-4553.0;7068.0;1491.0;-2450.0;-1592.0;77.0;27.0;87.0;42;142;
148721348 ;106;-20999.0;3563.0;-237.0;-25595.0;8436.0;19705.0;8704.0;18944.0;-17664.0;32;31;
148721416 ;24;6065.0;-6130.0;-5515.0;-8027.0;-9242.0;1268.0;80.0;32.0;66.0;79;87;
148721433 ;25;3053.0;-8487.0;-5838.0;-4835.0;-6769.0;1427.0;95.0;31.0;47.0;208;106;
148721456 ;28;-2296.0;-1453.0;-31943.0;424.0;3377.0;1265.0;102.0;18.0;48.0;210;254;
148721487 ;31;-888.0;1388.0;-1791.0;970.0;27.0;2337.0;101.0;13.0;51.0;239;113;
148721496 ;32;-7336.0;11940.0;2159.0;5705.0;-1171.0;-1839.0;101.0;13.0;51.0;3;231;
148721507 ;33;-13413.0;8109.0;-730.0;4837.0;-898.0;-2896.0;111.0;9.0;47.0;92;74;
148721520 ;220;923.0;2100.0;3397.0;-3173.0;-2603.0;111.0;9.0;47.0;8308.0;10;77;
148721560 ;38;5878.0;-1840.0;109.0;3842.0;2886.0;-2380.0;96.0;26.0;36.0;59;245;
148721589 ;10;-12759.0;-7930.0;-13587.0;25377.0;1286.0;24833.0;22011.0;11520.0;5376.0;0;146;
148721596 ;42;118.0;-7812.0;5629.0;1116.0;-179.0;-711.0;85.0;45.0;21.0;178;64;
148721608 ;43;-236.0;-6196.0;4278.0;655.0;894.0;-840.0;87.0;43.0;19.0;60;188;
148721616 ;44;6486.0;-4198.0;9186.0;658.0;2458.0;664.0;87.0;43.0;19.0;185;11;
148721649 ;47;-8371.0;3047.0;13848.0;-6357.0;-3033.0;4051.0;82.0;44.0;28.0;110;244;
148721667 ;49;7555.0;-208.0;-1483.0;-8503.0;-6778.0;6417.0;88.0;38.0;34.0;53;165;
148721704 ;51;-4165.0;-1750.0;-17397.0;-4753.0;-4480.0;3855.0;107.0;17.0;31.0;116;160;
148721712 ;53;-13773.0;-357.0;-32767.0;-501.0;-1956.0;1307.0;114.0;8.0;30.0;139;41;
148721730 ;55;-5161.0;-866.0;5439.0;-2833.0;-8026.0;5257.0;117.0;1.0;25.0;166;196;
148721747 ;57;1635.0;7032.0;-82.0;-131.0;-78.0;679.0;124.0;-14.0;16.0;95;79;
148721767 ;59;-4764.0;2580.0;245.0;-579.0;2201.0;-1624.0;121.0;-9.0;13.0;65;143;
148721783 ;60;-3174.0;1269.0;-3065.0;-388.0;3849.0;-1904.0;121.0;-9.0;13.0;125;237;
148721787 ;61;-2415.0;233.0;-4121.0;-303.0;4429.0;-2112.0;123.0;-3.0;21.0;29;185;
148721808 ;63;1343.0;-2492.0;-4424.0;336.0;4433.0;-2219.0;115.0;-1.0;33.0;30;42;
148721854 ;65;1660.0;-1698.0;-608.0;338.0;4678.0;-1281.0;109.0;9.0;39.0;34;170;
148721861 ;68;-302.0;-3400.0;4109.0;-2422.0;1137.0;-1268.0;107.0;11.0;53.0;172;190;
148721869 ;69;1031.0;-4114.0;3602.0;-2990.0;754.0;-702.0;98.0;14.0;56.0;152;204;
148721888 ;71;-1245.0;-507.0;2928.0;-3321.0;3312.0;336.0;100.0;14.0;66.0;8;68;
148721896 ;10;23624.0;-18955.0;1797.0;12302.0;-4627.0;11264.0;25600.0;3584.0;16896.0;0;76;
148721907 ;73;-1445.0;435.0;5587.0;-6592.0;-1441.0;1880.0;97.0;5.0;79.0;247;193;
148721927 ;75;-2105.0;-335.0;-2301.0;-7524.0;-3996.0;3875.0;94.0;-2.0;82.0;141;33;
148721948 ;77;-1693.0;-855.0;-14521.0;-6455.0;-3009.0;3922.0;108.0;-30.0;88.0;110;184;
148721959 ;78;-3910.0;-570.0;-19118.0;-5628.0;8.0;2993.0;108.0;-30.0;88.0;67;135;
148721967 ;79;-9099.0;-903.0;-31017.0;-2367.0;-246.0;3243.0;115.0;-57.0;81.0;157;103;
148722005 ;81;-8481.0;-2069.0;-12915.0;-1692.0;2937.0;2591.0;116.0;-64.0;76.0;253;219;
148722012 ;82;-4364.0;-1328.0;4256.0;-1639.0;1518.0;3165.0;116.0;-64.0;76.0;69;37;
148722016 ;83;-9040.0;4981.0;-6944.0;1570.0;-1241.0;1785.0;113.0;-77.0;83.0;20;30;
148722027 ;85;-5611.0;-5592.0;-5742.0;1591.0;-2510.0;-516.0;115.0;-79.0;85.0;225;165;
148722036 ;86;-4543.0;2142.0;-5864.0;1719.0;-2661.0;22.0;115.0;-79.0;85.0;241;213;
148722049 ;10;11607.0;2286.0;13069.0;-16153.0;12293.0;1775.0;30463.0;-20480.0;22271.0;0;233;
148722056 ;88;-4863.0;1859.0;-3744.0;1625.0;-3567.0;-1106.0;118.0;-80.0;86.0;145;205;
148722067 ;89;-3575.0;-1329.0;-1856.0;1395.0;-2730.0;-1645.0;120.0;-72.0;74.0;199;79;
148722080 ;90;-2586.0;-2345.0;-2190.0;1946.0;-1283.0;-2527.0;120.0;-72.0;74.0;189;255;
148722087 ;91;-758.0;-2949.0;-908.0;1920.0;933.0;-2561.0;126.0;-66.0;64.0;9;213;
148722096 ;92;-833.0;-3308.0;-990.0;1798.0;3234.0;-2407.0;126.0;-66.0;64.0;43;179;
148722109 ;93;-904.0;-3537.0;-1477.0;1965.0;4479.0;-2327.0;126.0;-52.0;68.0;1;61;
148722116 ;94;-736.0;-3621.0;-529.0;1826.0;4636.0;-2161.0;126.0;-52.0;68.0;199;203;
148722155 ;95;-925.0;-3920.0;479.0;1566.0;4076.0;-1930.0;115.0;-43.0;71.0;131;31;
148722159 ;97;-1403.0;-5034.0;1889.0;928.0;1929.0;-1481.0;114.0;-30.0;84.0;191;51;
148722162 ;98;-1155.0;-4798.0;2350.0;605.0;1632.0;-1273.0;114.0;-30.0;84.0;216;184;
148722167 ;99;1272.0;-4373.0;2488.0;444.0;1126.0;-896.0;108.0;-32.0;84.0;101;133;
148722176 ;100;3681.0;-3515.0;2886.0;351.0;2574.0;48.0;108.0;-32.0;84.0;204;150;
148722189 ;101;3447.0;-1991.0;3492.0;318.0;4826.0;425.0;107.0;-23.0;91.0;120;36;
148722196 ;102;-1069.0;-1085.0;1723.0;-15.0;4909.0;-377.0;107.0;-23.0;91.0;64;142;
148722207 ;103;-3900.0;14.0;4197.0;-1398.0;3462.0;-485.0;93.0;-21.0;107.0;170;62;
148722220 ;104;-4269.0;399.0;4201.0;-3042.0;2641.0;619.0;93.0;-21.0;107.0;105;243;
148722236 ;106;-3655.0;139.0;212.0;-4386.0;-1709.0;736.0;88.0;-26.0;108.0;64;2;
148722249 ;107;-1755.0;-881.0;-1732.0;-4739.0;-2995.0;966.0;87.0;-35.0;119.0;145;197;
148722256 ;108;-1599.0;-1302.0;-3101.0;-4882.0;-4028.0;1240.0;87.0;-35.0;119.0;158;22;
148722272 ;109;-1613.0;-1487.0;-4813.0;-4776.0;-3865.0;1513.0;98.0;-52.0;112.0;53;119;
148722307 ;110;-1824.0;-1217.0;-9176.0;-4225.0;-2640.0;1588.0;98.0;-52.0;112.0;152;170;
148722308 ;111;-2296.0;-398.0;-13839.0;-3428.0;-785.0;1313.0;96.0;-68.0;106.0;230;30;
148722311 ;112;-3252.0;-732.0;-22271.0;-1463.0;-1389.0;1442.0;96.0;-68.0;106.0;160;160;
148722312 ;113;-4595.0;-882.0;-24107.0;1218.0;-1929.0;1397.0;104.0;-72.0;98.0;198;202;
148722329 ;115;-1655.0;7345.0;-7964.0;-233.0;-79.0;2276.0;106.0;-78.0;98.0;223;143;
148722336 ;116;-2448.0;4745.0;-3018.0;341.0;-2848.0;2128.0;106.0;-78.0;98.0;200;220;
148722347 ;117;-2816.0;8557.0;-651.0;3126.0;122.0;-861.0;107.0;-85.0;95.0;99;17;
148722360 ;118;-23.0;8369.0;-3783.0;2323.0;353.0;-1013.0;107.0;-85.0;95.0;124;254;
148722366 ;119;-6820.0;74.0;-6449.0;2342.0;179.0;-1215.0;106.0;-78.0;94.0;120;216;
148722376 ;120;-4744.0;3540.0;-5346.0;2597.0;-1214.0;-454.0;106.0;-78.0;94.0;14;192;
148722389 ;121;-4213.0;3523.0;-5608.0;2431.0;-1579.0;-727.0;112.0;-74.0;96.0;240;220;
148722413 ;123;-1425.0;-244.0;-4359.0;2906.0;-5.0;-1821.0;110.0;-66.0;94.0;195;31;
148722419 ;124;-1178.0;-1374.0;-5173.0;3512.0;1221.0;-2496.0;110.0;-66.0;94.0;166;0;
148722456 ;125;-1083.0;-1755.0;-6391.0;4074.0;2317.0;-2416.0;111.0;-57.0;87.0;150;220;
148722457 ;126;-1007.0;-2385.0;-6034.0;4156.0;3433.0;-2075.0;111.0;-57.0;87.0;218;60;
148722459 ;127;-1271.0;-2379.0;-4666.0;4496.0;3669.0;-1739.0;107.0;-51.0;97.0;213;225;
148722466 ;128;-1405.0;-2602.0;-3785.0;4569.0;3168.0;-1541.0;107.0;-51.0;97.0;252;168;
148722468 ;129;-2003.0;-3116.0;-2732.0;4571.0;2145.0;-1282.0;100.0;-28.0;100.0;216;68;
148722476 ;130;-2684.0;-3463.0;-1664.0;4510.0;1164.0;-1067.0;100.0;-28.0;100.0;195;25;
148722508 ;129;24570.0;-29449.0;-30455.0;-28914.0;21759.0;22780.0;-2048.0;25855.0;15872.0;32;170;
148722536 ;136;-756.0;-2495.0;4492.0;2563.0;-529.0;-979.0;88.0;4.0;94.0;107;177;
148722556 ;138;787.0;-3088.0;2680.0;1574.0;-887.0;-1045.0;88.0;12.0;84.0;126;132;
148722608 ;140;2324.0;-1724.0;1559.0;1019.0;791.0;-11.0;83.0;17.0;77.0;234;254;
148722611 ;142;-1905.0;-1841.0;194.0;15.0;1439.0;416.0;87.0;23.0;75.0;213;25;
148722615 ;143;-3404.0;-1200.0;601.0;-638.0;651.0;674.0;78.0;24.0;78.0;105;93;
148722616 ;144;-2899.0;-506.0;596.0;-968.0;-833.0;1232.0;78.0;24.0;78.0;44;6;
148722627 ;246;-371.0;-177.0;-1743.0;-2085.0;1588.0;82.0;20.0;74.0;8377.0;10;237;
148722647 ;147;-760.0;159.0;-4561.0;-2413.0;-2870.0;1674.0;91.0;15.0;79.0;14;222;
148722656 ;148;-222.0;-281.0;-8160.0;-2637.0;-2600.0;1458.0;91.0;15.0;79.0;169;125;
148722669 ;149;-171.0;-959.0;-11010.0;-2812.0;-1717.0;1230.0;94.0;12.0;78.0;233;23;
148722676 ;150;-1045.0;-1793.0;-13279.0;-1635.0;-1251.0;1669.0;94.0;12.0;78.0;123;91;
148722697 ;152;-2793.0;-1010.0;-11172.0;641.0;-2963.0;1401.0;98.0;4.0;76.0;28;102;
148722716 ;154;-715.0;-3065.0;-3711.0;1419.0;-2325.0;525.0;111.0;-1.0;69.0;149;77;
148722759 ;155;17.0;-2663.0;-1825.0;2019.0;-688.0;429.0;115.0;-11.0;63.0;198;72;
148722765 ;156;-898.0;-950.0;-927.0;1534.0;1442.0;34.0;115.0;-11.0;63.0;85;39;
148722769 ;158;-4524.0;1424.0;1200.0;339.0;1588.0;-499.0;114.0;-2.0;56.0;147;247;
148722770 ;158;32159.0;4845.0;-16896.0;7426.0;21762.0;28417.0;30716.0;-768.0;15871.0;0;133;
148722780 ;160;-3836.0;-1729.0;869.0;232.0;-736.0;-978.0;119.0;-3.0;61.0;62;112;
148722788 ;161;-1824.0;-1501.0;761.0;-266.0;-1640.0;-745.0;108.0;-2.0;62.0;251;97;
148722796 ;162;-1164.0;-1140.0;-53.0;-446.0;-2172.0;-720.0;108.0;-2.0;62.0;27;21;
148722809 ;163;-1084.0;-1088.0;-438.0;-586.0;-2460.0;-824.0;107.0;-3.0;59.0;2;134;
148722816 ;164;-997.0;-1361.0;-818.0;-750.0;-2782.0;-839.0;107.0;-3.0;59.0;213;33;
148722833 ;165;-815.0;-1800.0;-806.0;-895.0;-2930.0;-798.0;109.0;5.0;53.0;230;192;
148722839 ;166;-473.0;-2355.0;-854.0;-1048.0;-2826.0;-668.0;109.0;5.0;53.0;51;237;
148722850 ;167;-190.0;-2341.0;-1025.0;-1078.0;-2309.0;-480.0;114.0;0.0;46.0;81;167;
148722867 ;169;-120.0;-2121.0;-606.0;-1569.0;-789.0;-160.0;111.0;5.0;41.0;98;6;
148722876 ;170;-125.0;-2446.0;-669.0;-1750.0;-134.0;-67.0;111.0;5.0;41.0;19;177;
148722909 ;171;-109.0;-2485.0;-572.0;-1893.0;628.0;95.0;110.0;4.0;38.0;105;111;
148722910 ;172;14.0;-2454.0;-603.0;-2070.0;1348.0;275.0;110.0;4.0;38.0;188;78;
148722914 ;173;46.0;-2325.0;-615.0;-2206.0;1928.0;475.0;111.0;7.0;43.0;225;83;
148722921 ;174;1.0;-2230.0;-661.0;-2331.0;2293.0;675.0;111.0;7.0;43.0;160;162;
148722928 ;175;-207.0;-2179.0;-659.0;-2483.0;2448.0;862.0;115.0;3.0;55.0;209;105;
148722949 ;177;-844.0;-2228.0;-659.0;-2822.0;2048.0;1277.0;111.0;-7.0;63.0;213;81;
148722956 ;178;-1214.0;-2313.0;-630.0;-3095.0;1713.0;1465.0;111.0;-7.0;63.0;132;16;
148722972 ;179;-1216.0;-2416.0;-1076.0;-3310.0;1629.0;1680.0;109.0;-9.0;71.0;13;125;
148722978 ;180;-978.0;-2408.0;-2523.0;-3349.0;2002.0;1854.0;109.0;-9.0;71.0;86;38;
148722989 ;181;-811.0;-2163.0;-4451.0;-3199.0;2910.0;1898.0;110.0;-24.0;80.0;178;220;
148722996 ;182;-1076.0;-2008.0;-7572.0;-2854.0;4107.0;1710.0;110.0;-24.0;80.0;87;65;
148723007 ;183;-1497.0;-2128.0;-12146.0;-2103.0;5099.0;1398.0;109.0;-27.0;91.0;236;192;
148723016 ;184;-4243.0;-1993.0;-14825.0;-1084.0;4544.0;1288.0;109.0;-27.0;91.0;147;193;
148723028 ;185;-5621.0;-2592.0;-16363.0;-183.0;3448.0;1439.0;100.0;-36.0;102.0;152;202;
148723061 ;187;-3794.0;-3711.0;-10853.0;943.0;2245.0;1040.0;88.0;-42.0;110.0;20;26;
148723076 ;188;-3137.0;-1075.0;-7032.0;695.0;1846.0;1065.0;88.0;-42.0;110.0;138;54;
148723077 ;189;-3633.0;42.0;-5009.0;448.0;749.0;1246.0;92.0;-44.0;110.0;91;237;
148723079 ;190;-4751.0;2900.0;-4591.0;2177.0;677.0;156.0;92.0;-44.0;110.0;13;3;
148723096 ;192;-4607.0;-2250.0;-4654.0;2012.0;-1764.0;-227.0;88.0;-48.0;122.0;122;42;
148723112 ;193;-3859.0;-1212.0;-5124.0;2237.0;-2726.0;185.0;83.0;-43.0;113.0;83;245;
148723119 ;10;-2622.0;32758.0;-12803.0;23278.0;23817.0;-14091.0;21503.0;-11008.0;29183.0;0;132;
148723130 ;195;-1551.0;-1039.0;-4167.0;2523.0;-2163.0;-390.0;91.0;-35.0;111.0;241;135;
148723136 ;196;-1228.0;-1458.0;-3960.0;2664.0;-1630.0;-599.0;91.0;-35.0;111.0;54;150;
148723147 ;197;-1405.0;-1825.0;-3600.0;2881.0;-1283.0;-737.0;97.0;-31.0;103.0;43;7;
148723156 ;198;-1340.0;-2214.0;-3498.0;3140.0;-982.0;-813.0;97.0;-31.0;103.0;52;114;
148723167 ;199;-1296.0;-2156.0;-2883.0;3308.0;-988.0;-885.0;100.0;-22.0;94.0;97;173;
148723176 ;200;-1198.0;-1955.0;-2682.0;3340.0;-1062.0;-862.0;100.0;-22.0;94.0;70;204;
148723211 ;201;-1528.0;-1813.0;-2055.0;3230.0;-1285.0;-890.0;100.0;-8.0;92.0;160;218;
148723217 ;202;-1441.0;-1931.0;-1285.0;3040.0;-1404.0;-968.0;100.0;-8.0;92.0;3;167;
148723219 ;203;-1235.0;-1962.0;-981.0;2827.0;-1596.0;-1047.0;98.0;-6.0;82.0;246;84;
148723227 ;205;-553.0;-1811.0;-314.0;2310.0;-1442.0;-1165.0;104.0;4.0;76.0;1;227;
148723236 ;206;-294.0;-1762.0;-142.0;2045.0;-1250.0;-1180.0;104.0;4.0;76.0;140;10;
148723251 ;207;-81.0;-1743.0;-95.0;1802.0;-1027.0;-1177.0;99.0;15.0;67.0;145;155;
148723256 ;208;174.0;-1800.0;-30.0;1539.0;-711.0;-1148.0;99.0;15.0;67.0;236;216;
148723270 ;209;278.0;-1869.0;13.0;1309.0;-408.0;-1048.0;105.0;19.0;61.0;238;112;
148723276 ;210;362.0;-1919.0;72.0;1054.0;-215.0;-921.0;105.0;19.0;61.0;142;178;
148723289 ;211;444.0;-2039.0;153.0;793.0;-112.0;-775.0;100.0;18.0;52.0;158;30;
148723307 ;213;613.0;-2196.0;205.0;284.0;139.0;-423.0;96.0;22.0;56.0;67;177;
148723316 ;214;884.0;-1954.0;211.0;45.0;404.0;-345.0;96.0;22.0;56.0;181;81;
148723327 ;215;1066.0;-2070.0;111.0;-130.0;607.0;-169.0;97.0;19.0;53.0;92;146;
148723361 ;216;948.0;-1940.0;102.0;-349.0;880.0;86.0;97.0;19.0;53.0;150;136;
148723364 ;217;797.0;-1809.0;-36.0;-595.0;1170.0;305.0;91.0;25.0;57.0;4;84;
148723369 ;219;36.0;-1545.0;-162.0;-1112.0;1123.0;650.0;92.0;24.0;56.0;184;186;
148723376 ;220;-388.0;-1392.0;-189.0;-1446.0;1004.0;821.0;92.0;24.0;56.0;115;167;
148723396 ;222;-1023.0;-1266.0;-496.0;-2167.0;418.0;1104.0;92.0;22.0;66.0;71;147;
148723410 ;223;-1287.0;-1233.0;-466.0;-2589.0;-33.0;1237.0;99.0;19.0;69.0;156;32;
148723416 ;224;-1208.0;-1281.0;-850.0;-2992.0;-378.0;1389.0;99.0;19.0;69.0;229;175;
148723427 ;225;-1174.0;-1467.0;-1385.0;-3197.0;-490.0;1543.0;97.0;7.0;79.0;142;56;
148723436 ;226;-1077.0;-1553.0;-2224.0;-3345.0;-368.0;1597.0;97.0;7.0;79.0;106;40;
148723447 ;227;-895.0;-1733.0;-3832.0;-3321.0;69.0;1581.0;97.0;3.0;69.0;210;50;
148723456 ;228;-799.0;-1949.0;-5833.0;-3214.0;798.0;1453.0;97.0;3.0;69.0;71;133;
148723479 ;230;-1398.0;-2833.0;-11980.0;-1788.0;2952.0;1266.0;102.0;-8.0;80.0;175;251;
148723512 ;231;-2756.0;-2695.0;-14490.0;-592.0;3241.0;1299.0;101.0;-15.0;91.0;7;231;
148723516 ;233;-4660.0;-4690.0;-13263.0;1074.0;3135.0;607.0;97.0;-17.0;99.0;248;22;
148723517 ;234;-4864.0;-5633.0;-9517.0;1752.0;3776.0;149.0;97.0;-17.0;99.0;137;165;
148723531 ;235;-3501.0;-6131.0;-6352.0;2063.0;3630.0;-355.0;89.0;-21.0;103.0;254;60;
148723536 ;236;-4751.0;-259.0;-1978.0;1527.0;2869.0;-323.0;89.0;-21.0;103.0;78;66;
148723556 ;238;-4844.0;2125.0;-2286.0;2858.0;600.0;-1416.0;83.0;-15.0;109.0;40;84;
148723567 ;239;-3015.0;-2316.0;-2198.0;2280.0;-537.0;-1456.0;73.0;-5.0;113.0;99;251;
148723576 ;240;-1981.0;-2805.0;-3735.0;2219.0;-1692.0;-421.0;73.0;-5.0;113.0;204;160;
148723587 ;241;-852.0;-1666.0;-4118.0;2505.0;-2058.0;-253.0;75.0;-3.0;113.0;140;12;
148723596 ;242;-299.0;-1610.0;-4343.0;2464.0;-1886.0;-538.0;75.0;-3.0;113.0;116;138;
148723607 ;243;147.0;-2132.0;-4231.0;2627.0;-1373.0;-688.0;78.0;2.0;104.0;170;30;
148723620 ;244;7.0;-2536.0;-3801.0;2851.0;-1032.0;-674.0;78.0;2.0;104.0;127;77;
148723627 ;245;-384.0;-2958.0;-3431.0;3058.0;-860.0;-650.0;78.0;4.0;94.0;78;114;
148723665 ;247;-390.0;-2582.0;-2213.0;3416.0;-1336.0;-583.0;86.0;16.0;84.0;97;219;
148723673 ;248;-497.0;-2266.0;-1137.0;3264.0;-1680.0;-488.0;86.0;16.0;84.0;219;55;
148723674 ;249;-672.0;-2426.0;91.0;3003.0;-1963.0;-443.0;87.0;21.0;81.0;106;208;
148723680 ;250;-1084.0;-2523.0;824.0;2805.0;-2171.0;-543.0;87.0;21.0;81.0;79;133;
148723689 ;251;-1383.0;-2462.0;1366.0;2580.0;-1873.0;-782.0;89.0;29.0;67.0;215;53;
148723696 ;252;-1138.0;-2541.0;2017.0;2201.0;-1297.0;-926.0;89.0;29.0;67.0;65;189;
148723707 ;253;-510.0;-2687.0;2336.0;1865.0;-837.0;-901.0;89.0;37.0;57.0;251;189;
148723727 ;255;501.0;-2679.0;2893.0;1095.0;-26.0;-576.0;81.0;37.0;49.0;137;57;
148723736 ;0;880.0;-2435.0;3164.0;636.0;168.0;-417.0;81.0;37.0;49.0;162;176;
148723747 ;1;1366.0;-2631.0;2467.0;413.0;-65.0;-281.0;82.0;36.0;48.0;199;29;
148723760 ;2;2137.0;-2454.0;2265.0;230.0;269.0;115.0;82.0;36.0;48.0;219;235;
148723767 ;3;3124.0;-1701.0;2913.0;-43.0;1574.0;521.0;78.0;36.0;46.0;216;156;
148723776 ;4;1752.0;-1918.0;2574.0;-452.0;2452.0;1108.0;78.0;36.0;46.0;109;197;
148723814 ;5;-2081.0;-2448.0;2367.0;-1530.0;1850.0;747.0;81.0;45.0;45.0;140;206;
148723815 ;6;-2603.0;-1804.0;3867.0;-2280.0;549.0;1131.0;81.0;45.0;45.0;96;226;
148723820 ;8;-1601.0;-518.0;2823.0;-4004.0;-1850.0;1182.0;84.0;38.0;54.0;79;35;
148723830 ;9;-1991.0;-1421.0;2037.0;-5554.0;-2468.0;1294.0;83.0;27.0;53.0;13;225;
148723836 ;10;-1240.0;-2714.0;699.0;-5292.0;-2886.0;1488.0;83.0;27.0;53.0;212;128;
148723847 ;11;-1397.0;-2739.0;-1427.0;-4983.0;-2939.0;1361.0;95.0;25.0;61.0;92;68;
148723856 ;12;-1882.0;-2468.0;-4377.0;-4836.0;-2238.0;1457.0;95.0;25.0;61.0;168;80;
148723867 ;13;-3586.0;-2532.0;-9494.0;-4584.0;-928.0;955.0;102.0;10.0;68.0;208;8;
148723876 ;14;-3000.0;-3744.0;-16604.0;-4062.0;1072.0;-151.0;102.0;10.0;68.0;10;202;
148723900 ;16;-6216.0;-5656.0;-30510.0;2114.0;-247.0;230.0;101.0;7.0;69.0;237;67;
148723907 ;17;-6781.0;-6203.0;-21495.0;2221.0;238.0;289.0;100.0;0.0;72.0;117;157;
148723916 ;18;-2395.0;-7068.0;-7385.0;2204.0;-494.0;513.0;100.0;0.0;72.0;140;120;
148723929 ;19;4075.0;-3130.0;5631.0;3869.0;-2244.0;-10.0;97.0;9.0;75.0;13;241;
148723964 ;20;1805.0;7781.0;145.0;4928.0;3940.0;-1198.0;97.0;9.0;75.0;46;108;
148723964 ;10;26645.0;-10546.0;-31460.0;-7416.0;8722.0;11531.0;25326.0;2048.0;16384.0;0;229;
148723971 ;22;-15423.0;-6848.0;-219.0;3264.0;-2368.0;-2596.0;98.0;8.0;64.0;10;184;
148723972 ;23;-4307.0;416.0;2062.0;2487.0;-2634.0;-1494.0;90.0;20.0;66.0;83;121;
148723987 ;25;4208.0;-945.0;1392.0;2427.0;621.0;-2406.0;86.0;34.0;58.0;184;170;
148723996 ;26;4708.0;-1969.0;3486.0;2410.0;1166.0;-1822.0;86.0;34.0;58.0;61;223;
148724009 ;27;5508.0;-2078.0;6753.0;2119.0;674.0;-1045.0;87.0;43.0;51.0;192;126;
148724016 ;28;3721.0;-1820.0;13112.0;555.0;-1447.0;-286.0;87.0;43.0;51.0;57;127;
148724027 ;29;1048.0;-3483.0;11726.0;-964.0;-2994.0;-500.0;79.0;41.0;47.0;224;158;
148724040 ;30;814.0;-7948.0;1188.0;-1622.0;-2359.0;-185.0;79.0;41.0;47.0;68;48;
148724048 ;31;1298.0;-5256.0;-1608.0;-762.0;-6.0;-54.0;80.0;40.0;44.0;221;111;
148724059 ;31;8480.0;-32210.0;27134.0;24348.0;17920.0;24585.0;20482.0;10240.0;11264.0;0;53;
148724067 ;33;5812.0;6415.0;6371.0;981.0;9278.0;3829.0;81.0;39.0;43.0;24;46;
148724076 ;34;-8924.0;3543.0;9012.0;-3826.0;1609.0;-303.0;81.0;39.0;43.0;72;254;
148724115 ;35;-10230.0;3620.0;9281.0;-7376.0;-149.0;4669.0;81.0;41.0;55.0;67;179;
148724116 ;36;-10667.0;5884.0;1817.0;-6667.0;-6674.0;5504.0;81.0;41.0;55.0;158;184;
148724117 ;37;2947.0;-991.0;-891.0;-7665.0;-9149.0;5839.0;89.0;23.0;63.0;31;249;
148724121 ;38;4736.0;66.0;-8817.0;-10229.0;-8543.0;4986.0;89.0;23.0;63.0;46;58;
148724127 ;39;2810.0;-2547.0;-7494.0;-8185.0;-5778.0;4677.0;116.0;-6.0;58.0;48;34;
148724136 ;40;1477.0;-3102.0;-13230.0;-5437.0;91.0;4763.0;116.0;-6.0;58.0;107;253;
148724149 ;41;3261.0;-2849.0;-17089.0;-3196.0;7340.0;3112.0;122.0;-20.0;56.0;251;169;
148724167 ;43;-9951.0;-1607.0;-16622.0;-1377.0;8876.0;1086.0;117.0;-29.0;75.0;29;231;
148724180 ;44;-15813.0;5456.0;-7992.0;-3290.0;8408.0;2617.0;117.0;-29.0;75.0;86;174;
148724187 ;45;-23865.0;10902.0;-14469.0;-1234.0;1069.0;-403.0;105.0;-41.0;105.0;47;37;
148724196 ;46;-15526.0;7965.0;-7147.0;814.0;-1847.0;-1289.0;105.0;-41.0;105.0;53;87;
148724209 ;47;4349.0;212.0;-7484.0;106.0;-7316.0;1605.0;95.0;-49.0;107.0;124;184;
148724216 ;48;4984.0;3880.0;-5356.0;722.0;-4092.0;-70.0;95.0;-49.0;107.0;52;204;
148724227 ;49;1451.0;1517.0;-5960.0;1155.0;-1774.0;-1420.0;110.0;-46.0;98.0;62;206;
148724266 ;50;-330.0;-337.0;-5091.0;1701.0;-924.0;-1902.0;110.0;-46.0;98.0;252;128;
148724269 ;52;-1838.0;-2328.0;-744.0;2121.0;-773.0;-1809.0;114.0;-40.0;84.0;231;159;
148724272 ;53;-2314.0;-2924.0;1358.0;1609.0;-1017.0;-1602.0;111.0;-37.0;87.0;207;219;
148724276 ;54;-2973.0;-3181.0;3649.0;933.0;-1064.0;-1679.0;111.0;-37.0;87.0;17;181;
148724287 ;55;-1932.0;-3174.0;5342.0;16.0;-828.0;-1770.0;113.0;-27.0;83.0;211;205;
148724296 ;56;-356.0;-4009.0;4928.0;-1205.0;-904.0;-1605.0;113.0;-27.0;83.0;172;202;
148724308 ;57;897.0;-5498.0;2831.0;-1709.0;-813.0;-1322.0;119.0;-21.0;77.0;10;126;
148724320 ;58;539.0;-6086.0;-725.0;-1750.0;580.0;-893.0;119.0;-21.0;77.0;97;201;
148724342 ;60;2237.0;-1283.0;-1216.0;-553.0;3668.0;-847.0;116.0;-14.0;78.0;243;21;
148724347 ;61;690.0;-656.0;-2899.0;-22.0;5327.0;-613.0;105.0;-17.0;85.0;57;247;
148724356 ;62;-6855.0;1285.0;-2497.0;-974.0;3450.0;-1556.0;105.0;-17.0;85.0;11;129;
148724366 ;63;-5703.0;839.0;1124.0;-2837.0;1056.0;-681.0;103.0;-19.0;99.0;202;230;
148724376 ;64;-6014.0;717.0;-667.0;-4491.0;46.0;903.0;103.0;-19.0;99.0;214;112;
148724416 ;65;-3582.0;1821.0;-1189.0;-4425.0;-2490.0;764.0;94.0;-22.0;100.0;99;25;
148724419 ;66;-1004.0;1262.0;-2324.0;-4493.0;-4005.0;974.0;94.0;-22.0;100.0;120;164;
148724427 ;68;139.0;-165.0;-4056.0;-5276.0;-3536.0;1296.0;95.0;-35.0;103.0;147;219;
148724429 ;69;-717.0;-484.0;-5130.0;-4376.0;-2774.0;1425.0;104.0;-50.0;94.0;184;20;
148724441 ;70;-1331.0;196.0;-6555.0;-3801.0;-1939.0;1612.0;104.0;-50.0;94.0;168;18;
148724448 ;71;-1422.0;632.0;-8107.0;-3336.0;-1082.0;1479.0;113.0;-59.0;91.0;147;207;
