147944505 ;2;-2060.0;3493.0;-70.0;-182.0;-1018.0;838.0;-79.0;-137.0;-91.0;224;80;
147944508 ;3;-2092.0;3577.0;-46.0;-130.0;-1148.0;731.0;44.0;-194.0;48.0;65;41;
147944548 ;4;-2077.0;3690.0;-41.0;-83.0;-1297.0;614.0;44.0;-194.0;48.0;236;136;
147944550 ;5;-2040.0;3731.0;-9.0;-31.0;-1443.0;485.0;43.0;-197.0;51.0;123;203;
147944552 ;6;-1991.0;3839.0;-2.0;26.0;-1573.0;344.0;43.0;-197.0;51.0;74;160;
147944560 ;7;-1928.0;3943.0;40.0;72.0;-1686.0;201.0;40.0;-188.0;48.0;78;92;
147944563 ;8;-1816.0;4054.0;-42.0;113.0;-1769.0;64.0;40.0;-188.0;48.0;40;190;
147944567 ;9;-1720.0;4251.0;-106.0;162.0;-1837.0;-49.0;47.0;-193.0;43.0;135;13;
147944577 ;10;-1725.0;4739.0;-141.0;234.0;-1913.0;-145.0;47.0;-193.0;43.0;230;70;
147944612 ;11;-1867.0;5474.0;-171.0;290.0;-2015.0;-236.0;46.0;-194.0;44.0;147;99;
147944614 ;12;-2010.0;6213.0;-196.0;288.0;-2129.0;-333.0;46.0;-194.0;44.0;251;145;
147944617 ;13;-2036.0;6683.0;-229.0;232.0;-2236.0;-446.0;41.0;-185.0;45.0;137;109;
147944618 ;14;-1944.0;6692.0;-355.0;117.0;-2355.0;-554.0;41.0;-185.0;45.0;24;48;
147944651 ;15;-1960.0;6207.0;-568.0;18.0;-2472.0;-656.0;47.0;-187.0;37.0;10;22;
147944653 ;16;-2001.0;5514.0;-592.0;-47.0;-2605.0;-797.0;47.0;-187.0;37.0;188;152;
147944654 ;17;-1970.0;4917.0;-657.0;-24.0;-2777.0;-925.0;49.0;-185.0;33.0;47;203;
147944663 ;18;-1966.0;4568.0;-770.0;69.0;-3012.0;-1063.0;49.0;-185.0;33.0;74;94;
147944698 ;19;-1893.0;4333.0;-754.0;145.0;-3336.0;-1233.0;48.0;-184.0;30.0;18;130;
147944699 ;20;-1895.0;4130.0;-988.0;180.0;-3864.0;-1409.0;48.0;-184.0;30.0;187;5;
147944700 ;21;-1977.0;3832.0;-1330.0;250.0;-4536.0;-1541.0;53.0;-179.0;25.0;10;130;
147944704 ;22;-1824.0;3745.0;-1300.0;301.0;-5183.0;-1676.0;53.0;-179.0;25.0;142;136;
147944709 ;23;-1480.0;3881.0;-1101.0;317.0;-5754.0;-1792.0;58.0;-174.0;22.0;160;186;
147944717 ;24;-994.0;4089.0;-972.0;238.0;-5989.0;-1867.0;58.0;-174.0;22.0;83;191;
147944749 ;25;-454.0;4261.0;-905.0;130.0;-5892.0;-1914.0;57.0;-169.0;15.0;37;191;
147944752 ;26;-163.0;4449.0;-1086.0;-47.0;-5641.0;-1985.0;57.0;-169.0;15.0;84;178;
147944753 ;27;-81.0;4480.0;-1126.0;-167.0;-5206.0;-1990.0;56.0;-166.0;8.0;209;33;
147944757 ;28;-46.0;4542.0;-995.0;-206.0;-4607.0;-1951.0;56.0;-166.0;8.0;17;123;
147944788 ;29;-156.0;4657.0;-827.0;-242.0;-3954.0;-1922.0;53.0;-157.0;-1.0;68;22;
147944790 ;30;-258.0;4777.0;-691.0;-264.0;-3262.0;-1898.0;53.0;-157.0;-1.0;151;79;
147944792 ;31;-437.0;4997.0;-611.0;-295.0;-2542.0;-1872.0;64.0;-156.0;-2.0;235;39;
147944797 ;32;-677.0;5114.0;-576.0;-345.0;-1892.0;-1852.0;64.0;-156.0;-2.0;1;163;
147944849 ;33;-1003.0;5185.0;-679.0;-361.0;-1422.0;-1843.0;59.0;-145.0;-7.0;110;106;
147944850 ;34;-1220.0;5121.0;-687.0;-346.0;-1143.0;-1836.0;59.0;-145.0;-7.0;123;221;
147944864 ;35;-1256.0;5003.0;-735.0;-311.0;-977.0;-1833.0;61.0;-143.0;-9.0;128;222;
147944865 ;36;-1167.0;4883.0;-678.0;-268.0;-819.0;-1845.0;61.0;-143.0;-9.0;88;144;
147944867 ;37;-1000.0;4707.0;-633.0;-237.0;-640.0;-1879.0;66.0;-134.0;-2.0;68;230;
147944874 ;38;-843.0;4591.0;-666.0;-181.0;-447.0;-1919.0;66.0;-134.0;-2.0;30;148;
147945202 ;39;-726.0;4500.0;-592.0;-128.0;-239.0;-1964.0;70.0;-130.0;8.0;91;224;
147945206 ;41;-543.0;4322.0;-558.0;-22.0;241.0;-2065.0;69.0;-123.0;5.0;82;4;
147945212 ;43;-440.0;4130.0;-572.0;127.0;714.0;-2144.0;82.0;-120.0;4.0;163;125;
147945213 ;45;-604.0;4002.0;-674.0;290.0;963.0;-2181.0;81.0;-115.0;11.0;116;23;
147945214 ;47;-1163.0;3959.0;-719.0;327.0;441.0;-2116.0;86.0;-106.0;18.0;20;167;
147945225 ;49;-1890.0;3856.0;-731.0;470.0;-979.0;-1914.0;90.0;-102.0;14.0;209;243;
147945227 ;51;-1623.0;4086.0;-673.0;492.0;-2367.0;-1724.0;95.0;-95.0;13.0;159;121;
147945232 ;53;-1146.0;4090.0;-619.0;420.0;-2984.0;-1491.0;100.0;-92.0;4.0;209;26;
147945233 ;55;-987.0;3703.0;-373.0;381.0;-3094.0;-1263.0;96.0;-86.0;-2.0;126;115;
147945243 ;57;-819.0;3705.0;-92.0;393.0;-2867.0;-1013.0;97.0;-85.0;-13.0;255;113;
147945245 ;59;-590.0;3619.0;152.0;326.0;-2268.0;-813.0;97.0;-83.0;-21.0;181;119;
147945248 ;61;-529.0;3295.0;295.0;273.0;-1503.0;-645.0;96.0;-84.0;-34.0;72;175;
147945248 ;63;-851.0;3289.0;493.0;131.0;-939.0;-538.0;92.0;-82.0;-36.0;136;98;
147945249 ;65;-1497.0;2994.0;301.0;-118.0;-1190.0;-403.0;97.0;-81.0;-41.0;37;125;
147945249 ;67;-2065.0;2605.0;-211.0;281.0;-2390.0;-186.0;85.0;-83.0;-49.0;58;78;
147945250 ;69;-2265.0;2692.0;431.0;386.0;-3856.0;-8.0;83.0;-87.0;-53.0;204;42;
147945250 ;71;-2686.0;2985.0;466.0;586.0;-5408.0;218.0;79.0;-85.0;-61.0;178;212;
147945259 ;73;-2293.0;3670.0;223.0;620.0;-7100.0;443.0;65.0;-87.0;-71.0;174;61;
147945260 ;75;-553.0;4529.0;104.0;835.0;-8027.0;1206.0;54.0;-90.0;-84.0;126;8;
147945260 ;76;486.0;4635.0;521.0;1003.0;-7890.0;1310.0;54.0;-90.0;-84.0;59;131;
147945264 ;77;1298.0;4621.0;1272.0;1160.0;-7009.0;1310.0;29.0;-93.0;-97.0;56;94;
147945265 ;78;1821.0;4442.0;2193.0;1243.0;-5544.0;1208.0;29.0;-93.0;-97.0;218;92;
147945269 ;79;1860.0;4046.0;2846.0;1322.0;-3829.0;1077.0;9.0;-101.0;-97.0;111;27;
147945303 ;80;1315.0;3642.0;3264.0;1363.0;-2116.0;964.0;9.0;-101.0;-97.0;201;115;
147945305 ;81;399.0;3378.0;3227.0;1269.0;-874.0;838.0;-1.0;-103.0;-99.0;247;135;
147945312 ;82;-471.0;3109.0;2889.0;1159.0;-289.0;700.0;-1.0;-103.0;-99.0;128;220;
147945314 ;83;-962.0;3027.0;2825.0;1005.0;-207.0;593.0;-8.0;-108.0;-96.0;69;33;
147945318 ;84;-1195.0;3050.0;2589.0;854.0;-389.0;497.0;-8.0;-108.0;-96.0;215;53;
147945352 ;85;-1145.0;3150.0;2290.0;719.0;-714.0;436.0;-7.0;-111.0;-97.0;52;0;
147945354 ;86;-894.0;3390.0;2045.0;617.0;-1049.0;397.0;-7.0;-111.0;-97.0;78;56;
147945356 ;87;-513.0;3643.0;2024.0;567.0;-1266.0;387.0;-15.0;-115.0;-95.0;151;197;
147945363 ;88;-174.0;3874.0;2063.0;516.0;-1311.0;383.0;-15.0;-115.0;-95.0;152;180;
147945368 ;89;-20.0;4057.0;2233.0;437.0;-1184.0;365.0;-12.0;-116.0;-94.0;181;97;
147945403 ;90;-73.0;4129.0;2045.0;407.0;-1048.0;360.0;-12.0;-116.0;-94.0;114;58;
147945406 ;91;-242.0;4289.0;2096.0;376.0;-967.0;355.0;-17.0;-119.0;-91.0;199;139;
147945410 ;92;-335.0;4515.0;2115.0;373.0;-918.0;337.0;-17.0;-119.0;-91.0;124;78;
147945412 ;93;-394.0;4707.0;2216.0;346.0;-830.0;311.0;-23.0;-119.0;-93.0;131;65;
147945419 ;94;-369.0;4681.0;2021.0;351.0;-733.0;278.0;-23.0;-119.0;-93.0;5;23;
147945453 ;95;-345.0;4486.0;1896.0;340.0;-625.0;237.0;-33.0;-119.0;-97.0;6;40;
147945454 ;96;-280.0;4219.0;1846.0;364.0;-523.0;210.0;-33.0;-119.0;-97.0;109;135;
147945457 ;97;-209.0;3989.0;1885.0;392.0;-417.0;172.0;-34.0;-118.0;-92.0;92;208;
147945460 ;98;-181.0;3787.0;1941.0;415.0;-289.0;145.0;-34.0;-118.0;-92.0;98;138;
147945468 ;99;-107.0;3550.0;2043.0;437.0;-165.0;113.0;-33.0;-125.0;-93.0;145;109;
147945476 ;100;-93.0;3353.0;2174.0;452.0;-35.0;84.0;-33.0;-125.0;-93.0;211;195;
147945509 ;101;-227.0;3242.0;2129.0;444.0;57.0;59.0;-37.0;-125.0;-93.0;233;233;
147945515 ;102;-470.0;3160.0;1989.0;427.0;-63.0;55.0;-37.0;-125.0;-93.0;137;169;
147945517 ;103;-657.0;3085.0;1900.0;434.0;-327.0;51.0;-37.0;-125.0;-93.0;36;118;
147945522 ;104;-711.0;3129.0;1876.0;448.0;-685.0;46.0;-37.0;-125.0;-93.0;165;165;
147945528 ;105;-620.0;3246.0;1818.0;441.0;-1020.0;46.0;-35.0;-127.0;-89.0;233;255;
147945559 ;106;-404.0;3340.0;1857.0;430.0;-1256.0;48.0;-35.0;-127.0;-89.0;83;237;
147945562 ;107;-92.0;3390.0;1925.0;421.0;-1311.0;46.0;-37.0;-135.0;-83.0;188;202;
147945563 ;108;220.0;3316.0;1848.0;410.0;-1198.0;62.0;-37.0;-135.0;-83.0;213;161;
147945568 ;109;431.0;3295.0;1840.0;404.0;-974.0;106.0;-47.0;-129.0;-87.0;140;196;
147945603 ;110;564.0;3283.0;1783.0;418.0;-669.0;146.0;-47.0;-129.0;-87.0;53;11;
147945604 ;111;514.0;3346.0;1858.0;430.0;-325.0;177.0;-44.0;-138.0;-88.0;13;177;
147945610 ;112;362.0;3391.0;1742.0;440.0;-34.0;200.0;-44.0;-138.0;-88.0;114;110;
147945612 ;113;122.0;3448.0;1626.0;463.0;71.0;229.0;-47.0;-141.0;-81.0;230;150;
147945617 ;114;-14.0;3542.0;1549.0;488.0;40.0;253.0;-47.0;-141.0;-81.0;129;75;
147945648 ;115;-107.0;3627.0;1544.0;508.0;-51.0;274.0;-45.0;-139.0;-89.0;64;58;
147945650 ;116;-59.0;3663.0;1470.0;528.0;-158.0;291.0;-45.0;-139.0;-89.0;5;205;
147945652 ;117;-41.0;3721.0;1437.0;549.0;-230.0;294.0;-49.0;-137.0;-81.0;7;101;
147945660 ;118;46.0;3756.0;1375.0;579.0;-273.0;293.0;-49.0;-137.0;-81.0;54;22;
147945668 ;119;128.0;3809.0;1372.0;604.0;-263.0;270.0;-50.0;-138.0;-80.0;198;202;
147945698 ;120;145.0;3824.0;1277.0;635.0;-215.0;238.0;-50.0;-138.0;-80.0;182;114;
147945700 ;121;93.0;3796.0;1167.0;674.0;-201.0;196.0;-53.0;-139.0;-77.0;3;1;
147945702 ;122;47.0;3681.0;1129.0;725.0;-269.0;143.0;-53.0;-139.0;-77.0;246;218;
147945708 ;123;-92.0;3629.0;1213.0;766.0;-405.0;86.0;-51.0;-139.0;-79.0;243;89;
147945717 ;124;-105.0;3627.0;1052.0;776.0;-631.0;36.0;-51.0;-139.0;-79.0;58;174;
147945754 ;125;-66.0;3746.0;1078.0;810.0;-936.0;6.0;-48.0;-144.0;-72.0;202;228;
147945755 ;126;146.0;3806.0;1065.0;842.0;-1168.0;-27.0;-48.0;-144.0;-72.0;228;4;
147945757 ;127;347.0;3879.0;1089.0;873.0;-1273.0;-33.0;-53.0;-145.0;-73.0;186;56;
147945760 ;128;542.0;3951.0;1151.0;917.0;-1246.0;-32.0;-53.0;-145.0;-73.0;77;17;
147945768 ;129;607.0;3994.0;1293.0;961.0;-1123.0;-27.0;-57.0;-149.0;-67.0;243;59;
147945777 ;130;582.0;3988.0;1472.0;991.0;-926.0;-24.0;-57.0;-149.0;-67.0;111;9;
147945808 ;131;460.0;3958.0;1659.0;1004.0;-757.0;-24.0;-60.0;-148.0;-70.0;69;131;
147945813 ;132;302.0;4059.0;1786.0;1012.0;-595.0;-20.0;-60.0;-148.0;-70.0;58;240;
147945819 ;133;240.0;4195.0;1871.0;978.0;-469.0;-17.0;-66.0;-152.0;-62.0;57;155;
147945820 ;134;274.0;4273.0;1913.0;948.0;-378.0;0.0;-66.0;-152.0;-62.0;36;68;
147945829 ;135;274.0;4386.0;2046.0;936.0;-301.0;27.0;-62.0;-154.0;-64.0;120;114;
147945837 ;136;148.0;4846.0;2177.0;932.0;-266.0;81.0;-62.0;-154.0;-64.0;160;38;
147945848 ;137;70.0;5436.0;2446.0;866.0;-248.0;137.0;-64.0;-152.0;-54.0;197;201;
147945857 ;138;-51.0;5966.0;2625.0;832.0;-251.0;169.0;-64.0;-152.0;-54.0;15;13;
147945914 ;139;-214.0;6294.0;2725.0;750.0;-230.0;199.0;-72.0;-158.0;-54.0;236;116;
147945917 ;140;-243.0;6247.0;2725.0;686.0;-228.0;223.0;-72.0;-158.0;-54.0;123;251;
147945923 ;141;-295.0;5748.0;2826.0;610.0;-203.0;219.0;-69.0;-161.0;-59.0;124;76;
147945924 ;142;-248.0;5074.0;2665.0;508.0;-126.0;195.0;-69.0;-161.0;-59.0;52;108;
147945925 ;143;-138.0;4559.0;2501.0;418.0;-41.0;177.0;-70.0;-160.0;-58.0;227;231;
147945933 ;144;-51.0;4300.0;2284.0;328.0;94.0;144.0;-70.0;-160.0;-58.0;106;212;
147945934 ;145;61.0;4119.0;2073.0;233.0;264.0;95.0;-67.0;-161.0;-53.0;117;249;
147945942 ;146;86.0;3870.0;1890.0;145.0;434.0;43.0;-67.0;-161.0;-53.0;251;69;
147945948 ;147;21.0;3549.0;1592.0;77.0;551.0;-1.0;-70.0;-162.0;-48.0;83;225;
147945977 ;148;-125.0;3277.0;1385.0;32.0;534.0;-15.0;-70.0;-162.0;-48.0;148;158;
147945979 ;149;-314.0;3166.0;1277.0;10.0;417.0;-23.0;-62.0;-158.0;-48.0;115;31;
147945982 ;150;-546.0;3251.0;1227.0;-9.0;221.0;-34.0;-62.0;-158.0;-48.0;202;148;
147945988 ;151;-791.0;3428.0;1094.0;-28.0;-33.0;-51.0;-66.0;-158.0;-48.0;219;121;
147945997 ;152;-1143.0;3602.0;1020.0;-31.0;-351.0;-86.0;-66.0;-158.0;-48.0;122;196;
147946026 ;153;-1388.0;3829.0;1145.0;-57.0;-736.0;-122.0;-63.0;-165.0;-45.0;37;113;
147946028 ;154;-1551.0;3996.0;1224.0;-86.0;-1182.0;-149.0;-63.0;-165.0;-45.0;129;9;
147946069 ;155;-1527.0;4191.0;1207.0;-122.0;-1579.0;-173.0;-63.0;-163.0;-47.0;131;245;
147946072 ;156;-1376.0;4283.0;1303.0;-170.0;-1874.0;-204.0;-63.0;-163.0;-47.0;97;211;
147946073 ;157;-1229.0;4337.0;1342.0;-208.0;-2033.0;-227.0;-66.0;-166.0;-46.0;114;182;
147946074 ;158;-1130.0;4453.0;1377.0;-241.0;-2096.0;-242.0;-66.0;-166.0;-46.0;254;38;
147946085 ;159;-1062.0;4550.0;1361.0;-284.0;-2082.0;-254.0;-74.0;-166.0;-38.0;106;16;
147946087 ;160;-1032.0;4587.0;1318.0;-324.0;-2021.0;-282.0;-74.0;-166.0;-38.0;124;32;
147946092 ;161;-1029.0;4560.0;1317.0;-368.0;-1908.0;-315.0;-70.0;-168.0;-34.0;142;136;
147946109 ;162;-1055.0;4452.0;1160.0;-417.0;-1826.0;-342.0;-70.0;-168.0;-34.0;113;123;
147946110 ;163;-1028.0;4283.0;1078.0;-444.0;-1754.0;-384.0;-74.0;-166.0;-40.0;141;199;
147946118 ;164;-978.0;4092.0;1060.0;-466.0;-1669.0;-429.0;-74.0;-166.0;-40.0;1;187;
147946146 ;165;-1016.0;3888.0;1100.0;-485.0;-1604.0;-487.0;-76.0;-168.0;-32.0;48;184;
147946148 ;166;-988.0;3761.0;1114.0;-495.0;-1568.0;-553.0;-76.0;-168.0;-32.0;178;154;
147946153 ;167;-948.0;3702.0;1215.0;-513.0;-1548.0;-624.0;-77.0;-167.0;-29.0;194;106;
147946157 ;168;-902.0;3689.0;1169.0;-545.0;-1513.0;-677.0;-77.0;-167.0;-29.0;133;105;
147946183 ;169;-863.0;3716.0;1141.0;-576.0;-1458.0;-714.0;-74.0;-166.0;-30.0;162;150;
147946185 ;170;-831.0;3696.0;1182.0;-598.0;-1399.0;-740.0;-74.0;-166.0;-30.0;227;109;
147946281 ;171;-811.0;3729.0;1290.0;-624.0;-1313.0;-746.0;-74.0;-170.0;-28.0;186;96;
147946283 ;172;-840.0;3826.0;1267.0;-658.0;-1210.0;-733.0;-74.0;-170.0;-28.0;58;194;
147946284 ;173;-904.0;3958.0;1254.0;-695.0;-1125.0;-711.0;-73.0;-171.0;-31.0;182;116;
147946293 ;174;-995.0;4077.0;1173.0;-730.0;-1081.0;-679.0;-73.0;-171.0;-31.0;171;169;
147946294 ;175;-1037.0;4150.0;1182.0;-765.0;-1077.0;-632.0;-66.0;-170.0;-28.0;239;121;
147946299 ;176;-1130.0;4188.0;1081.0;-801.0;-1076.0;-588.0;-66.0;-170.0;-28.0;92;40;
147946301 ;177;-1326.0;4193.0;879.0;-812.0;-1186.0;-533.0;-74.0;-176.0;-26.0;132;202;
147946303 ;178;-1473.0;4252.0;797.0;-816.0;-1391.0;-478.0;-74.0;-176.0;-26.0;65;171;
147946303 ;179;-1594.0;4325.0;650.0;-802.0;-1630.0;-428.0;-69.0;-177.0;-29.0;206;224;
147946304 ;180;-1558.0;4447.0;676.0;-776.0;-1874.0;-384.0;-69.0;-177.0;-29.0;217;161;
147946310 ;181;-1453.0;4525.0;741.0;-790.0;-2051.0;-344.0;-72.0;-176.0;-24.0;62;216;
147946313 ;182;-1306.0;4489.0;799.0;-814.0;-2085.0;-324.0;-72.0;-176.0;-24.0;195;187;
147946318 ;183;-1266.0;4378.0;670.0;-827.0;-2074.0;-305.0;-67.0;-175.0;-31.0;12;20;
147946319 ;184;-1292.0;4312.0;539.0;-825.0;-2056.0;-292.0;-67.0;-175.0;-31.0;77;169;
147946328 ;185;-1270.0;4244.0;528.0;-817.0;-2031.0;-294.0;-69.0;-173.0;-23.0;62;244;
147946337 ;186;-1197.0;4259.0;518.0;-821.0;-2012.0;-310.0;-69.0;-173.0;-23.0;140;174;
147946371 ;187;-1087.0;4177.0;598.0;-832.0;-1980.0;-333.0;-69.0;-171.0;-29.0;243;129;
147946372 ;188;-866.0;4032.0;715.0;-825.0;-1900.0;-365.0;-69.0;-171.0;-29.0;236;58;
147946379 ;189;-691.0;3988.0;816.0;-831.0;-1743.0;-416.0;-71.0;-175.0;-21.0;62;24;
147946380 ;190;-537.0;3973.0;836.0;-840.0;-1520.0;-479.0;-71.0;-175.0;-21.0;118;206;
147946387 ;191;-451.0;3951.0;885.0;-849.0;-1200.0;-544.0;-69.0;-173.0;-29.0;219;81;
147946397 ;192;-417.0;4010.0;942.0;-878.0;-811.0;-625.0;-69.0;-173.0;-29.0;138;130;
147946424 ;193;-422.0;4126.0;951.0;-911.0;-427.0;-697.0;-68.0;-176.0;-34.0;22;164;
147946427 ;194;-411.0;4193.0;890.0;-936.0;-65.0;-775.0;-68.0;-176.0;-34.0;43;87;
147946433 ;195;-445.0;4208.0;902.0;-951.0;311.0;-859.0;-70.0;-178.0;-30.0;60;130;
147946437 ;196;-514.0;4167.0;889.0;-975.0;656.0;-941.0;-70.0;-178.0;-30.0;177;217;
147946462 ;197;-548.0;4134.0;830.0;-996.0;926.0;-1018.0;-62.0;-168.0;-38.0;235;253;
147946464 ;198;-554.0;4161.0;833.0;-1011.0;1140.0;-1077.0;-62.0;-168.0;-38.0;144;218;
147946469 ;199;-583.0;4471.0;732.0;-984.0;1288.0;-1084.0;-58.0;-174.0;-38.0;236;70;
147946477 ;200;-676.0;5030.0;675.0;-947.0;1350.0;-1053.0;-58.0;-174.0;-38.0;10;12;
147946521 ;201;-697.0;5523.0;578.0;-900.0;1373.0;-1024.0;-58.0;-176.0;-42.0;226;4;
147946523 ;202;-658.0;5729.0;542.0;-819.0;1416.0;-1002.0;-58.0;-176.0;-42.0;71;241;
147946524 ;203;-554.0;5588.0;676.0;-735.0;1551.0;-998.0;-49.0;-173.0;-43.0;148;40;
147946528 ;204;-407.0;5144.0;905.0;-672.0;1791.0;-1013.0;-49.0;-173.0;-43.0;114;210;
147946530 ;205;-226.0;4537.0;1135.0;-633.0;2152.0;-1040.0;-45.0;-175.0;-47.0;34;120;
147946538 ;206;-115.0;3927.0;1139.0;-621.0;2489.0;-1054.0;-45.0;-175.0;-47.0;130;210;
147946548 ;207;60.0;3353.0;1113.0;-610.0;2722.0;-1039.0;-39.0;-177.0;-49.0;223;247;
147946557 ;208;41.0;2931.0;1040.0;-568.0;2849.0;-1000.0;-39.0;-177.0;-49.0;174;226;
147946580 ;209;-25.0;2685.0;964.0;-504.0;2831.0;-952.0;-38.0;-176.0;-54.0;132;170;
147946591 ;210;-160.0;2717.0;887.0;-427.0;2612.0;-869.0;-38.0;-176.0;-54.0;149;201;
147946592 ;211;-278.0;2885.0;881.0;-347.0;2238.0;-755.0;-26.0;-172.0;-52.0;31;77;
147946597 ;212;-440.0;2984.0;840.0;-260.0;1770.0;-645.0;-26.0;-172.0;-52.0;167;73;
147946621 ;213;-518.0;3040.0;939.0;-163.0;1241.0;-540.0;-19.0;-171.0;-57.0;175;93;
147946624 ;214;-570.0;3074.0;1062.0;-60.0;731.0;-430.0;-19.0;-171.0;-57.0;241;37;
147946628 ;215;-594.0;3274.0;1150.0;31.0;260.0;-334.0;-15.0;-175.0;-55.0;224;210;
147946682 ;216;-546.0;3572.0;1205.0;101.0;-137.0;-205.0;-15.0;-175.0;-55.0;172;46;
147946684 ;217;-412.0;3898.0;1311.0;152.0;-393.0;-110.0;-19.0;-171.0;-53.0;122;182;
147946685 ;218;-217.0;4170.0;1366.0;194.0;-499.0;3.0;-19.0;-171.0;-53.0;185;159;
147946694 ;219;8.0;4312.0;1404.0;214.0;-428.0;114.0;-18.0;-174.0;-58.0;19;195;
147946697 ;220;184.0;4343.0;1492.0;226.0;-189.0;214.0;-18.0;-174.0;-58.0;155;117;
147946699 ;221;358.0;4257.0;1570.0;232.0;184.0;302.0;-19.0;-173.0;-57.0;26;252;
147946700 ;222;432.0;4087.0;1505.0;228.0;600.0;391.0;-19.0;-173.0;-57.0;111;231;
147946726 ;223;423.0;3879.0;1460.0;218.0;972.0;478.0;-17.0;-173.0;-53.0;50;136;
147946727 ;224;334.0;3687.0;1419.0;226.0;1272.0;554.0;-17.0;-173.0;-53.0;114;220;
147946728 ;225;129.0;3575.0;1390.0;233.0;1462.0;622.0;-17.0;-169.0;-57.0;33;109;
147946737 ;226;-43.0;3485.0;1351.0;248.0;1525.0;682.0;-17.0;-169.0;-57.0;126;16;
147946747 ;227;-215.0;3478.0;1271.0;274.0;1470.0;737.0;-11.0;-171.0;-57.0;154;164;
147946757 ;228;-371.0;3492.0;1371.0;292.0;1346.0;779.0;-11.0;-171.0;-57.0;50;184;
147946778 ;229;-484.0;3551.0;1266.0;310.0;1165.0;823.0;-13.0;-171.0;-55.0;27;19;
147946782 ;230;-555.0;3602.0;1271.0;320.0;962.0;856.0;-13.0;-171.0;-55.0;108;64;
147946788 ;231;-539.0;3592.0;1237.0;351.0;789.0;881.0;-11.0;-169.0;-57.0;222;162;
147946819 ;232;-448.0;3608.0;1226.0;389.0;691.0;910.0;-11.0;-169.0;-57.0;32;134;
147946822 ;233;-359.0;3655.0;1233.0;445.0;693.0;939.0;-12.0;-168.0;-56.0;8;0;
147946823 ;234;-209.0;3704.0;1205.0;514.0;808.0;975.0;-12.0;-168.0;-56.0;147;171;
147946828 ;235;-82.0;3762.0;1262.0;599.0;1073.0;1005.0;-13.0;-171.0;-53.0;2;218;
147946839 ;236;65.0;3840.0;1630.0;640.0;1527.0;1017.0;-13.0;-171.0;-53.0;84;200;
147946859 ;237;-122.0;4010.0;1768.0;610.0;2060.0;1021.0;-12.0;-172.0;-54.0;202;250;
147946862 ;238;-418.0;4116.0;1375.0;587.0;2369.0;1089.0;-12.0;-172.0;-54.0;231;235;
147946872 ;239;-780.0;4101.0;1150.0;564.0;2413.0;1140.0;-15.0;-175.0;-55.0;204;22;
147946877 ;240;-883.0;4111.0;1065.0;593.0;2372.0;1180.0;-15.0;-175.0;-55.0;55;137;
147946897 ;241;-874.0;4122.0;1036.0;639.0;2368.0;1225.0;-13.0;-173.0;-51.0;142;216;
147946900 ;242;-886.0;4196.0;1003.0;656.0;2425.0;1274.0;-13.0;-173.0;-51.0;38;188;
147946908 ;243;-938.0;4290.0;1109.0;597.0;2523.0;1308.0;-10.0;-182.0;-50.0;1;225;
147946927 ;244;-1055.0;4251.0;899.0;576.0;2563.0;1379.0;-10.0;-182.0;-50.0;237;111;
147946930 ;245;-1199.0;4212.0;774.0;570.0;2510.0;1437.0;-2.0;-180.0;-46.0;198;236;
147946972 ;246;-1283.0;4150.0;899.0;554.0;2435.0;1487.0;-2.0;-180.0;-46.0;136;138;
147946974 ;247;-1418.0;4021.0;919.0;502.0;2322.0;1522.0;-3.0;-185.0;-43.0;14;244;
147946975 ;248;-1563.0;3926.0;741.0;502.0;2116.0;1591.0;-3.0;-185.0;-43.0;226;106;
147946980 ;249;-1659.0;3874.0;720.0;491.0;1851.0;1620.0;-4.0;-184.0;-44.0;65;75;
147946984 ;250;-1638.0;3824.0;827.0;496.0;1600.0;1629.0;-4.0;-184.0;-44.0;162;6;
147946992 ;251;-1597.0;3788.0;814.0;507.0;1427.0;1646.0;-5.0;-191.0;-43.0;2;144;
147946997 ;252;-1522.0;3838.0;817.0;504.0;1316.0;1662.0;-5.0;-191.0;-43.0;34;208;
147947015 ;253;-1493.0;3879.0;934.0;469.0;1232.0;1659.0;-11.0;-187.0;-43.0;98;108;
147947021 ;254;-1522.0;3990.0;909.0;413.0;1172.0;1675.0;-11.0;-187.0;-43.0;56;44;
147947029 ;255;-1585.0;4088.0;862.0;369.0;1094.0;1694.0;-7.0;-185.0;-43.0;203;119;
147947037 ;0;-1672.0;4251.0;764.0;354.0;1004.0;1706.0;-7.0;-185.0;-43.0;88;106;
147947063 ;1;-1740.0;4428.0;833.0;310.0;906.0;1694.0;-14.0;-192.0;-36.0;108;78;
147947065 ;2;-1780.0;4543.0;864.0;235.0;844.0;1684.0;-14.0;-192.0;-36.0;67;183;
147947069 ;3;-1791.0;4573.0;850.0;157.0;810.0;1656.0;-20.0;-184.0;-42.0;185;11;
147947078 ;4;-1844.0;4556.0;741.0;88.0;798.0;1622.0;-20.0;-184.0;-42.0;146;184;
147947088 ;5;-1778.0;4591.0;600.0;53.0;787.0;1574.0;-18.0;-182.0;-36.0;24;254;
147947121 ;6;-1707.0;4864.0;517.0;55.0;777.0;1533.0;-18.0;-182.0;-36.0;238;214;
147947122 ;7;-1685.0;5412.0;449.0;80.0;781.0;1485.0;-18.0;-186.0;-38.0;205;85;
147947137 ;10;-2067.0;7176.0;492.0;-80.0;872.0;1190.0;-24.0;-186.0;-38.0;242;206;
147947154 ;26;467.0;-251.0;895.0;1014.0;-27.0;-185.0;-37.0;8369.0;3082.0;184;125;
147947173 ;13;-2026.0;4605.0;191.0;-399.0;936.0;623.0;-32.0;-186.0;-36.0;156;86;
147947194 ;15;-1854.0;3029.0;-143.0;-44.0;828.0;139.0;-25.0;-181.0;-39.0;232;90;
147947202 ;10;10512.0;23545.0;24842.0;-26113.0;29696.0;-29438.0;-6145.0;19455.0;-9729.0;255;199;
147947209 ;17;-1634.0;2487.0;-43.0;331.0;376.0;-339.0;-25.0;-185.0;-41.0;216;32;
147947218 ;18;-1538.0;2556.0;38.0;490.0;62.0;-526.0;-25.0;-185.0;-41.0;120;190;
147947237 ;20;-1481.0;3034.0;217.0;680.0;-620.0;-825.0;-19.0;-187.0;-43.0;47;129;
147947272 ;10;9749.0;-12038.0;4108.0;-12287.0;18178.0;25340.0;-3844.0;17663.0;-10497.0;255;177;
147947273 ;22;-1565.0;3534.0;212.0;743.0;-1278.0;-994.0;-16.0;-188.0;-42.0;210;82;
147947274 ;23;-1627.0;3819.0;155.0;734.0;-1609.0;-1027.0;-18.0;-186.0;-44.0;0;8;
147947288 ;25;-1798.0;4386.0;59.0;663.0;-2281.0;-966.0;-21.0;-183.0;-41.0;136;0;
147947296 ;10;20762.0;30968.0;8978.0;18432.0;-10238.0;28661.0;-5124.0;18943.0;-10241.0;255;91;
147947312 ;27;-2161.0;4926.0;-84.0;419.0;-2985.0;-796.0;-13.0;-189.0;-39.0;162;184;
147947318 ;28;-2126.0;4910.0;-52.0;331.0;-3232.0;-735.0;-13.0;-189.0;-39.0;196;238;
147947333 ;29;-1956.0;4869.0;-10.0;247.0;-3421.0;-720.0;-19.0;-189.0;-41.0;101;97;
147947341 ;30;-1828.0;4727.0;6.0;122.0;-3464.0;-691.0;-19.0;-189.0;-41.0;221;181;
147947348 ;31;-1640.0;4502.0;22.0;-32.0;-3403.0;-691.0;-22.0;-184.0;-38.0;112;170;
147947362 ;32;-1421.0;4248.0;5.0;-150.0;-3270.0;-707.0;-22.0;-184.0;-38.0;61;21;
147947377 ;34;-1062.0;3974.0;-75.0;-311.0;-2862.0;-756.0;-27.0;-187.0;-41.0;254;130;
147947391 ;35;-915.0;3887.0;-91.0;-388.0;-2616.0;-775.0;-28.0;-184.0;-42.0;195;221;
147947423 ;36;-791.0;3861.0;-123.0;-444.0;-2356.0;-795.0;-28.0;-184.0;-42.0;191;103;
147947429 ;37;-794.0;3888.0;-86.0;-496.0;-2109.0;-823.0;-28.0;-190.0;-44.0;157;29;
147947431 ;38;-827.0;3982.0;-72.0;-555.0;-1896.0;-855.0;-28.0;-190.0;-44.0;99;99;
147947432 ;39;-937.0;4115.0;-87.0;-625.0;-1750.0;-886.0;-31.0;-183.0;-43.0;160;166;
147947437 ;40;-1077.0;4265.0;-141.0;-693.0;-1680.0;-904.0;-31.0;-183.0;-43.0;100;62;
147947451 ;41;-1118.0;4393.0;-136.0;-771.0;-1650.0;-920.0;-34.0;-188.0;-44.0;120;182;
147947457 ;42;-1164.0;4536.0;-206.0;-852.0;-1621.0;-942.0;-34.0;-188.0;-44.0;74;246;
147947483 ;44;-1202.0;4822.0;-355.0;-1001.0;-1517.0;-969.0;-28.0;-186.0;-46.0;110;82;
147947489 ;45;-1174.0;4916.0;-434.0;-1070.0;-1442.0;-987.0;-32.0;-182.0;-46.0;142;210;
147947508 ;47;-1122.0;4924.0;-612.0;-1154.0;-1259.0;-1050.0;-36.0;-176.0;-56.0;53;227;
147947517 ;48;-1061.0;4931.0;-657.0;-1149.0;-1144.0;-1106.0;-36.0;-176.0;-56.0;141;29;
147947532 ;49;-989.0;4925.0;-700.0;-1128.0;-1005.0;-1182.0;-40.0;-170.0;-58.0;251;241;
147947541 ;50;-927.0;4947.0;-685.0;-1092.0;-859.0;-1277.0;-40.0;-170.0;-58.0;182;58;
147947574 ;51;-913.0;4908.0;-702.0;-1045.0;-709.0;-1384.0;-37.0;-175.0;-53.0;234;0;
147947577 ;52;-848.0;4847.0;-642.0;-997.0;-563.0;-1504.0;-37.0;-175.0;-53.0;117;159;
147947578 ;53;-778.0;4758.0;-572.0;-918.0;-436.0;-1613.0;-38.0;-178.0;-60.0;255;105;
147947579 ;54;-732.0;4681.0;-596.0;-841.0;-306.0;-1728.0;-38.0;-178.0;-60.0;38;162;
147947588 ;55;-661.0;4652.0;-525.0;-743.0;-180.0;-1837.0;-35.0;-179.0;-59.0;15;109;
147947597 ;56;-588.0;4582.0;-576.0;-654.0;-47.0;-1938.0;-35.0;-179.0;-59.0;88;12;
147947610 ;57;-562.0;4556.0;-557.0;-556.0;82.0;-2033.0;-35.0;-177.0;-63.0;239;243;
147947622 ;58;-543.0;4511.0;-582.0;-452.0;208.0;-2115.0;-35.0;-177.0;-63.0;81;49;
147947628 ;59;-508.0;4464.0;-666.0;-347.0;336.0;-2187.0;-26.0;-174.0;-62.0;162;16;
147947639 ;60;-514.0;4374.0;-674.0;-238.0;464.0;-2249.0;-26.0;-174.0;-62.0;234;196;
147947648 ;61;-521.0;4254.0;-647.0;-122.0;577.0;-2301.0;-24.0;-172.0;-60.0;62;94;
147947657 ;62;-579.0;4195.0;-621.0;5.0;680.0;-2347.0;-24.0;-172.0;-60.0;156;66;
147947668 ;63;-656.0;4155.0;-552.0;136.0;771.0;-2383.0;-19.0;-173.0;-59.0;45;221;
147947677 ;64;-689.0;4176.0;-470.0;255.0;843.0;-2410.0;-19.0;-173.0;-59.0;25;31;
147947691 ;65;-722.0;4261.0;-425.0;358.0;886.0;-2409.0;-12.0;-172.0;-64.0;18;72;
147947726 ;66;-657.0;4564.0;-462.0;459.0;916.0;-2345.0;-12.0;-172.0;-64.0;34;16;
147947728 ;67;-635.0;5059.0;-482.0;543.0;931.0;-2216.0;-4.0;-170.0;-62.0;8;164;
147947729 ;68;-645.0;5539.0;-558.0;601.0;917.0;-2063.0;-4.0;-170.0;-62.0;89;45;
147947733 ;69;-747.0;5796.0;-571.0;618.0;885.0;-1901.0;-3.0;-171.0;-59.0;128;234;
147947737 ;70;-843.0;5700.0;-562.0;578.0;850.0;-1741.0;-3.0;-171.0;-59.0;31;13;
147947751 ;71;-947.0;5143.0;-435.0;502.0;803.0;-1581.0;8.0;-178.0;-56.0;53;31;
147947764 ;78;-14081.0;15871.0;2592.0;-28087.0;-8197.0;9485.0;-13825.0;-16383.0;8962.0;251;146;
147947779 ;74;-1242.0;2782.0;-136.0;550.0;618.0;-1158.0;14.0;-178.0;-56.0;31;171;
147947788 ;75;-1257.0;2395.0;198.0;662.0;522.0;-1107.0;16.0;-178.0;-52.0;37;65;
147947797 ;76;-1224.0;2173.0;215.0;775.0;406.0;-1028.0;16.0;-178.0;-52.0;197;1;
147947809 ;77;-1264.0;2220.0;425.0;812.0;246.0;-929.0;20.0;-174.0;-56.0;140;116;
147947819 ;78;-1227.0;2414.0;531.0;852.0;29.0;-814.0;20.0;-174.0;-56.0;162;54;
147947832 ;79;-1227.0;2615.0;648.0;856.0;-203.0;-684.0;18.0;-176.0;-54.0;126;172;
147947837 ;80;-1202.0;2796.0;676.0;860.0;-441.0;-550.0;18.0;-176.0;-54.0;4;198;
147947876 ;81;-1240.0;2942.0;720.0;850.0;-663.0;-412.0;21.0;-175.0;-47.0;75;197;
147947877 ;82;-1239.0;3094.0;649.0;834.0;-864.0;-268.0;21.0;-175.0;-47.0;85;185;
147947883 ;83;-1254.0;3327.0;583.0;829.0;-1028.0;-115.0;19.0;-177.0;-45.0;220;234;
147947885 ;84;-1204.0;3600.0;554.0;819.0;-1146.0;44.0;19.0;-177.0;-45.0;37;17;
147947889 ;85;-1168.0;3876.0;526.0;793.0;-1195.0;190.0;24.0;-178.0;-46.0;141;93;
147947901 ;86;-1123.0;4096.0;518.0;764.0;-1187.0;320.0;24.0;-178.0;-46.0;253;147;
147947908 ;87;-1074.0;4204.0;578.0;724.0;-1106.0;434.0;17.0;-181.0;-47.0;103;207;
147947919 ;88;-1017.0;4185.0;672.0;694.0;-977.0;533.0;17.0;-181.0;-47.0;181;153;
147947928 ;89;-972.0;4040.0;780.0;651.0;-810.0;618.0;24.0;-178.0;-48.0;152;62;
147947937 ;90;-893.0;3817.0;861.0;620.0;-617.0;703.0;24.0;-178.0;-48.0;81;137;
147947949 ;91;-831.0;3589.0;1015.0;603.0;-406.0;787.0;18.0;-188.0;-46.0;80;234;
147947958 ;92;-804.0;3372.0;1037.0;584.0;-175.0;867.0;18.0;-188.0;-46.0;206;126;
147947969 ;93;-787.0;3208.0;1096.0;575.0;46.0;940.0;13.0;-183.0;-45.0;149;133;
147947977 ;94;-789.0;3114.0;1092.0;562.0;255.0;1020.0;13.0;-183.0;-45.0;70;162;
147947988 ;95;-882.0;3045.0;1082.0;553.0;429.0;1107.0;12.0;-188.0;-44.0;147;155;
147948026 ;96;-969.0;3132.0;1005.0;543.0;553.0;1204.0;12.0;-188.0;-44.0;27;69;
147948027 ;97;-1086.0;3252.0;976.0;519.0;606.0;1316.0;10.0;-186.0;-42.0;145;251;
147948029 ;98;-1168.0;3415.0;887.0;493.0;605.0;1435.0;10.0;-186.0;-42.0;230;90;
147948032 ;99;-1216.0;3573.0;929.0;446.0;594.0;1558.0;9.0;-191.0;-37.0;192;196;
147948041 ;100;-1265.0;3736.0;892.0;397.0;584.0;1683.0;9.0;-191.0;-37.0;81;147;
147948048 ;101;-1303.0;3903.0;873.0;340.0;582.0;1813.0;0.0;-192.0;-36.0;255;153;
147948062 ;102;-1350.0;4046.0;826.0;280.0;570.0;1947.0;0.0;-192.0;-36.0;111;213;
147948068 ;103;-1351.0;4114.0;750.0;225.0;558.0;2082.0;0.0;-198.0;-36.0;165;225;
147948089 ;105;-1417.0;4256.0;776.0;136.0;505.0;2356.0;-8.0;-192.0;-32.0;147;159;
147948097 ;106;-1455.0;4346.0;788.0;107.0;480.0;2482.0;-8.0;-192.0;-32.0;28;128;
147948111 ;107;-1519.0;4407.0;826.0;79.0;453.0;2599.0;-13.0;-193.0;-33.0;121;255;
147948117 ;108;-1548.0;4482.0;813.0;58.0;415.0;2698.0;-13.0;-193.0;-33.0;194;62;
147948128 ;109;-1605.0;4558.0;844.0;32.0;367.0;2784.0;-16.0;-194.0;-28.0;2;228;
147948137 ;110;-1701.0;4610.0;897.0;0.0;304.0;2849.0;-16.0;-194.0;-28.0;240;186;
147948177 ;111;-1723.0;4701.0;923.0;-29.0;227.0;2898.0;-21.0;-197.0;-37.0;4;124;
147948180 ;113;-1346.0;4885.0;1265.0;-257.0;853.0;2850.0;-34.0;-200.0;-34.0;227;85;
147948184 ;114;-1613.0;4889.0;1214.0;-348.0;1268.0;2832.0;-34.0;-200.0;-34.0;220;212;
147948188 ;115;-2390.0;4892.0;829.0;-424.0;1189.0;2820.0;-35.0;-193.0;-43.0;168;244;
147948200 ;116;-2890.0;4758.0;493.0;-425.0;661.0;2764.0;-35.0;-193.0;-43.0;142;68;
147948207 ;117;-2876.0;4544.0;300.0;-393.0;-73.0;2732.0;-41.0;-189.0;-39.0;38;70;
147948217 ;118;-2490.0;4344.0;246.0;-343.0;-716.0;2684.0;-41.0;-189.0;-39.0;40;168;
147948229 ;119;-2159.0;4367.0;243.0;-289.0;-989.0;2561.0;-45.0;-189.0;-37.0;49;151;
147948237 ;120;-2089.0;4336.0;355.0;-229.0;-1433.0;2407.0;-45.0;-189.0;-37.0;173;83;
147948251 ;121;-1811.0;4358.0;195.0;-222.0;-1454.0;2310.0;-55.0;-185.0;-41.0;194;78;
147948257 ;122;-2044.0;4307.0;170.0;-225.0;-1604.0;2149.0;-55.0;-185.0;-41.0;81;171;
147948268 ;123;-2253.0;4298.0;190.0;-152.0;-1906.0;2009.0;-65.0;-189.0;-43.0;8;24;
147948277 ;124;-2364.0;4276.0;189.0;-77.0;-2256.0;1844.0;-65.0;-189.0;-43.0;201;19;
147948288 ;125;-2129.0;4258.0;278.0;-18.0;-2548.0;1668.0;-73.0;-179.0;-37.0;107;29;
147948327 ;126;-1799.0;4221.0;314.0;37.0;-2654.0;1526.0;-73.0;-179.0;-37.0;244;92;
147948328 ;127;-1505.0;4204.0;348.0;80.0;-2591.0;1384.0;-81.0;-175.0;-33.0;10;102;
147948329 ;128;-1278.0;4133.0;364.0;131.0;-2395.0;1234.0;-81.0;-175.0;-33.0;25;211;
147948333 ;129;-1123.0;4125.0;334.0;195.0;-2093.0;1105.0;-92.0;-178.0;-30.0;114;202;
147948339 ;130;-1124.0;4339.0;357.0;270.0;-1799.0;1011.0;-92.0;-178.0;-30.0;115;65;
147948348 ;131;-1429.0;4924.0;401.0;353.0;-1587.0;924.0;-92.0;-176.0;-28.0;143;163;
147948358 ;132;-1759.0;5576.0;527.0;363.0;-1518.0;823.0;-92.0;-176.0;-28.0;61;255;
147948369 ;133;-2094.0;6091.0;703.0;298.0;-1579.0;709.0;-100.0;-176.0;-20.0;176;244;
147948377 ;134;-2371.0;6317.0;826.0;182.0;-1672.0;584.0;-100.0;-176.0;-20.0;171;201;
147948394 ;255;-20.0;8299.0;-30710.0;-2381.0;5434.0;573.0;-56.0;-1902.0;267.0;156;210;
147948409 ;137;-2204.0;4730.0;345.0;-118.0;-1983.0;115.0;-104.0;-176.0;-14.0;0;122;
147948417 ;138;-2090.0;4214.0;138.0;-106.0;-2069.0;-59.0;-104.0;-176.0;-14.0;163;231;
147948428 ;139;-2013.0;3826.0;56.0;-76.0;-2171.0;-239.0;-100.0;-168.0;-18.0;38;188;
147948437 ;140;-1865.0;3559.0;26.0;-51.0;-2313.0;-446.0;-100.0;-168.0;-18.0;75;67;
147948478 ;141;-1669.0;3335.0;60.0;-24.0;-2433.0;-647.0;-103.0;-175.0;-11.0;41;203;
147948480 ;142;-1402.0;3196.0;90.0;2.0;-2501.0;-826.0;-103.0;-175.0;-11.0;235;197;
147948482 ;143;-1182.0;3229.0;128.0;30.0;-2496.0;-978.0;-101.0;-173.0;-9.0;159;151;
147948485 ;144;-1046.0;3396.0;144.0;34.0;-2427.0;-1111.0;-101.0;-173.0;-9.0;163;177;
147948489 ;145;-1076.0;3623.0;149.0;18.0;-2330.0;-1215.0;-99.0;-181.0;-9.0;82;86;
147948497 ;146;-1148.0;3826.0;122.0;-17.0;-2269.0;-1300.0;-99.0;-181.0;-9.0;127;77;
147948513 ;147;-1220.0;4016.0;142.0;-60.0;-2247.0;-1357.0;-101.0;-181.0;5.0;202;38;
147948517 ;148;-1277.0;4211.0;104.0;-117.0;-2248.0;-1387.0;-101.0;-181.0;5.0;216;76;
147948530 ;149;-1294.0;4412.0;140.0;-185.0;-2256.0;-1396.0;-94.0;-186.0;10.0;103;241;
147948537 ;150;-1334.0;4615.0;84.0;-270.0;-2264.0;-1391.0;-94.0;-186.0;10.0;123;155;
147948548 ;151;-1370.0;4835.0;120.0;-377.0;-2270.0;-1374.0;-98.0;-188.0;10.0;242;76;
147948557 ;152;-1403.0;4965.0;21.0;-488.0;-2275.0;-1352.0;-98.0;-188.0;10.0;148;48;
147948570 ;153;-1403.0;5042.0;-28.0;-599.0;-2269.0;-1332.0;-90.0;-188.0;14.0;102;44;
147948577 ;154;-1417.0;5058.0;-103.0;-704.0;-2248.0;-1318.0;-90.0;-188.0;14.0;216;52;
147948588 ;155;-1352.0;5064.0;-134.0;-802.0;-2211.0;-1315.0;-87.0;-189.0;7.0;193;239;
147948629 ;156;-1297.0;5018.0;-190.0;-882.0;-2151.0;-1316.0;-87.0;-189.0;7.0;126;64;
147948632 ;157;-1147.0;4963.0;-294.0;-943.0;-2070.0;-1331.0;-87.0;-195.0;13.0;123;131;
147948637 ;158;-1044.0;4893.0;-305.0;-984.0;-1959.0;-1348.0;-87.0;-195.0;13.0;200;54;
147948638 ;159;-917.0;4824.0;-329.0;-1011.0;-1817.0;-1373.0;-85.0;-197.0;17.0;73;151;
147948639 ;160;-838.0;4817.0;-375.0;-1027.0;-1656.0;-1409.0;-85.0;-197.0;17.0;209;11;
147948648 ;161;-783.0;4750.0;-408.0;-1032.0;-1497.0;-1446.0;-83.0;-199.0;13.0;23;107;
147948657 ;162;-734.0;4707.0;-432.0;-1028.0;-1317.0;-1491.0;-83.0;-199.0;13.0;146;224;
147948669 ;163;-726.0;4615.0;-409.0;-1017.0;-1154.0;-1541.0;-74.0;-200.0;16.0;222;48;
147948677 ;164;-718.0;4621.0;-412.0;-1002.0;-1002.0;-1590.0;-74.0;-200.0;16.0;97;105;
147948691 ;165;-758.0;4632.0;-416.0;-980.0;-860.0;-1631.0;-71.0;-203.0;15.0;187;191;
147948697 ;166;-778.0;4645.0;-431.0;-961.0;-739.0;-1664.0;-71.0;-203.0;15.0;17;199;
147948708 ;167;-779.0;4698.0;-453.0;-941.0;-631.0;-1696.0;-68.0;-210.0;12.0;137;213;
147948717 ;168;-783.0;4747.0;-493.0;-921.0;-538.0;-1720.0;-68.0;-210.0;12.0;232;84;
147948728 ;169;-815.0;4797.0;-525.0;-902.0;-455.0;-1741.0;-65.0;-201.0;11.0;55;7;
147948741 ;170;-810.0;4815.0;-556.0;-880.0;-381.0;-1759.0;-65.0;-201.0;11.0;126;20;
147948747 ;171;-826.0;4842.0;-517.0;-863.0;-314.0;-1780.0;-59.0;-211.0;13.0;238;48;
147948782 ;172;-846.0;4832.0;-524.0;-850.0;-244.0;-1807.0;-59.0;-211.0;13.0;2;126;
147948783 ;173;-760.0;4804.0;-476.0;-832.0;-133.0;-1838.0;-49.0;-213.0;13.0;217;5;
147948788 ;174;-654.0;4704.0;-412.0;-822.0;20.0;-1879.0;-49.0;-213.0;13.0;155;121;
147948791 ;175;-525.0;4623.0;-437.0;-801.0;232.0;-1918.0;-47.0;-213.0;7.0;113;111;
147948797 ;176;-437.0;4484.0;-493.0;-758.0;488.0;-1954.0;-47.0;-213.0;7.0;16;18;
147948811 ;177;-416.0;4374.0;-521.0;-709.0;755.0;-1985.0;-39.0;-215.0;7.0;191;15;
147948817 ;178;-464.0;4185.0;-531.0;-641.0;982.0;-2015.0;-39.0;-215.0;7.0;210;118;
147948828 ;179;-534.0;4068.0;-523.0;-553.0;1161.0;-2049.0;-28.0;-218.0;0.0;8;0;
147948838 ;180;-641.0;3952.0;-442.0;-465.0;1282.0;-2083.0;-28.0;-218.0;0.0;45;229;
147948849 ;181;-706.0;3846.0;-406.0;-380.0;1363.0;-2117.0;-27.0;-219.0;-3.0;39;99;
147948857 ;182;-723.0;3746.0;-377.0;-300.0;1402.0;-2145.0;-27.0;-219.0;-3.0;42;102;
147948868 ;183;-761.0;3710.0;-391.0;-211.0;1405.0;-2152.0;-13.0;-221.0;-3.0;53;135;
147948880 ;184;-831.0;3713.0;-441.0;-132.0;1362.0;-2139.0;-13.0;-221.0;-3.0;241;205;
147948888 ;185;-872.0;3726.0;-465.0;-48.0;1279.0;-2108.0;-12.0;-220.0;0.0;227;145;
147948900 ;186;-873.0;3749.0;-445.0;22.0;1170.0;-2061.0;-12.0;-220.0;0.0;23;185;
147948933 ;188;-938.0;3809.0;-377.0;142.0;915.0;-1929.0;5.0;-217.0;-5.0;100;226;
147948937 ;189;-908.0;3796.0;-226.0;180.0;799.0;-1848.0;7.0;-221.0;-3.0;17;101;
147948939 ;190;-940.0;3814.0;-232.0;207.0;694.0;-1751.0;7.0;-221.0;-3.0;17;65;
147948950 ;191;-880.0;3920.0;-196.0;224.0;611.0;-1619.0;15.0;-215.0;-5.0;43;109;
147948957 ;192;-715.0;4163.0;-300.0;244.0;566.0;-1432.0;15.0;-215.0;-5.0;0;212;
147948968 ;193;-662.0;4586.0;-295.0;274.0;581.0;-1198.0;29.0;-215.0;5.0;21;147;
147948977 ;194;-669.0;4890.0;-391.0;262.0;630.0;-959.0;29.0;-215.0;5.0;246;248;
147948988 ;195;-755.0;4914.0;-383.0;215.0;704.0;-721.0;26.0;-216.0;0.0;193;77;
147948997 ;196;-806.0;4618.0;-316.0;170.0;778.0;-491.0;26.0;-216.0;0.0;173;111;
147949008 ;197;-898.0;4143.0;-153.0;155.0;875.0;-265.0;30.0;-220.0;4.0;81;241;
147949022 ;198;-917.0;3597.0;-107.0;184.0;999.0;-45.0;30.0;-220.0;4.0;191;163;
147949022 ;10;22471.0;10748.0;18188.0;512.0;27393.0;32260.0;9216.0;10752.0;1791.0;0;203;
147949038 ;200;-1056.0;2752.0;252.0;328.0;1226.0;267.0;36.0;-214.0;6.0;9;181;
147949049 ;201;-1212.0;2511.0;438.0;375.0;1238.0;398.0;31.0;-213.0;7.0;242;202;
147949086 ;202;-1332.0;2367.0;603.0;408.0;1150.0;531.0;31.0;-213.0;7.0;223;135;
147949087 ;203;-1382.0;2308.0;666.0;429.0;977.0;676.0;31.0;-217.0;9.0;168;2;
147949092 ;204;-1407.0;2343.0;766.0;434.0;754.0;827.0;31.0;-217.0;9.0;212;250;
147949093 ;204;-1407.0;2343.0;766.0;434.0;754.0;827.0;31.0;-217.0;9.0;212;250;
147949097 ;206;-1530.0;2673.0;877.0;426.0;293.0;1163.0;30.0;-214.0;10.0;148;204;
147949108 ;207;-1642.0;2888.0;866.0;391.0;57.0;1325.0;25.0;-219.0;13.0;125;241;
147949117 ;208;-1703.0;3087.0;787.0;344.0;-187.0;1486.0;25.0;-219.0;13.0;55;175;
147949128 ;209;-1690.0;3299.0;752.0;315.0;-412.0;1644.0;24.0;-218.0;18.0;154;96;
147949137 ;210;-1587.0;3584.0;729.0;291.0;-581.0;1798.0;24.0;-218.0;18.0;227;175;
147949148 ;211;-1498.0;3895.0;717.0;262.0;-664.0;1940.0;18.0;-218.0;12.0;124;20;
147949160 ;212;-1406.0;4213.0;658.0;231.0;-665.0;2063.0;18.0;-218.0;12.0;56;206;
147949169 ;213;-1339.0;4491.0;687.0;197.0;-600.0;2161.0;11.0;-217.0;13.0;44;192;
147949178 ;214;-1259.0;4689.0;700.0;166.0;-496.0;2255.0;11.0;-217.0;13.0;250;190;
147949193 ;215;-1260.0;4767.0;785.0;115.0;-352.0;2313.0;9.0;-221.0;15.0;50;122;
147949197 ;216;-1221.0;4737.0;868.0;76.0;-189.0;2345.0;9.0;-221.0;15.0;44;204;
147949234 ;217;-1184.0;4597.0;923.0;47.0;13.0;2372.0;4.0;-220.0;16.0;194;180;
147949235 ;218;-1170.0;4509.0;910.0;24.0;224.0;2369.0;4.0;-220.0;16.0;37;27;
147949237 ;219;-1119.0;4412.0;945.0;19.0;439.0;2343.0;-9.0;-231.0;17.0;188;64;
147949238 ;220;-1119.0;4359.0;939.0;3.0;656.0;2310.0;-9.0;-231.0;17.0;43;115;
147949249 ;221;-1149.0;4295.0;889.0;-18.0;842.0;2266.0;-14.0;-226.0;10.0;12;78;
147949257 ;222;-1222.0;4279.0;838.0;-32.0;983.0;2229.0;-14.0;-226.0;10.0;219;71;
147949268 ;223;-1273.0;4322.0;819.0;-54.0;1081.0;2190.0;-26.0;-230.0;12.0;217;181;
147949277 ;224;-1300.0;4355.0;779.0;-71.0;1147.0;2149.0;-26.0;-230.0;12.0;192;98;
147949288 ;225;-1330.0;4437.0;681.0;-79.0;1217.0;2113.0;-30.0;-228.0;16.0;174;60;
147949301 ;226;-1377.0;4540.0;619.0;-104.0;1283.0;2073.0;-30.0;-228.0;16.0;171;247;
147949308 ;227;-1452.0;4601.0;591.0;-136.0;1347.0;2038.0;-36.0;-224.0;16.0;124;30;
147949320 ;228;-1507.0;4662.0;533.0;-168.0;1395.0;2012.0;-36.0;-224.0;16.0;64;252;
147949328 ;229;-1543.0;4698.0;493.0;-198.0;1438.0;1988.0;-46.0;-222.0;12.0;0;10;
147949337 ;230;-1584.0;4722.0;477.0;-222.0;1481.0;1960.0;-46.0;-222.0;12.0;215;27;
147949349 ;231;-1247.0;4765.0;748.0;-236.0;1712.0;1910.0;-56.0;-224.0;14.0;4;188;
147949383 ;232;-776.0;4764.0;906.0;-378.0;2356.0;1835.0;-56.0;-224.0;14.0;40;78;
147949384 ;233;-981.0;4698.0;868.0;-549.0;3125.0;1838.0;-58.0;-222.0;6.0;71;239;
147949390 ;234;-1310.0;4566.0;618.0;-642.0;3699.0;1851.0;-58.0;-222.0;6.0;109;87;
147949392 ;235;-1831.0;4488.0;305.0;-681.0;3955.0;1845.0;-63.0;-223.0;3.0;166;78;
147949397 ;236;-2010.0;4428.0;1173.0;-931.0;4326.0;1725.0;-63.0;-223.0;3.0;31;219;
147949408 ;237;-3893.0;4356.0;-422.0;-593.0;2898.0;1728.0;-64.0;-214.0;2.0;248;104;
147949417 ;238;-3793.0;4340.0;-239.0;-413.0;2151.0;1589.0;-64.0;-214.0;2.0;65;57;
147949428 ;239;-2928.0;4099.0;-513.0;-407.0;915.0;1389.0;-72.0;-220.0;-8.0;236;68;
147949441 ;240;-2774.0;3878.0;-429.0;-569.0;-66.0;1378.0;-72.0;-220.0;-8.0;120;6;
147949448 ;241;-2222.0;3594.0;106.0;-532.0;-676.0;1489.0;-75.0;-215.0;-5.0;212;236;
147949459 ;242;-1873.0;3689.0;278.0;-597.0;-808.0;1510.0;-75.0;-215.0;-5.0;142;246;
147949468 ;243;-1955.0;3651.0;34.0;-631.0;-855.0;1436.0;-77.0;-213.0;-9.0;131;59;
147949477 ;244;-2256.0;3734.0;56.0;-621.0;-1008.0;1381.0;-77.0;-213.0;-9.0;249;203;
147949489 ;245;-2391.0;3646.0;-25.0;-619.0;-1289.0;1353.0;-87.0;-215.0;-9.0;135;9;
147949497 ;246;-2370.0;3630.0;-35.0;-565.0;-1594.0;1322.0;-87.0;-215.0;-9.0;104;56;
147949534 ;247;-2170.0;3688.0;22.0;-491.0;-1828.0;1281.0;-91.0;-211.0;-3.0;227;157;
147949535 ;248;-1903.0;3839.0;147.0;-421.0;-1883.0;1256.0;-91.0;-211.0;-3.0;249;71;
147949537 ;249;-1710.0;4022.0;197.0;-398.0;-1759.0;1211.0;-88.0;-204.0;-6.0;20;118;
147949546 ;250;-1612.0;4158.0;282.0;-385.0;-1540.0;1136.0;-88.0;-204.0;-6.0;243;193;
147949548 ;251;-1655.0;4238.0;275.0;-371.0;-1307.0;1047.0;-102.0;-204.0;-10.0;159;245;
147949557 ;252;-1805.0;4263.0;271.0;-352.0;-1124.0;952.0;-102.0;-204.0;-10.0;137;65;
147949569 ;253;-1926.0;4264.0;224.0;-324.0;-1005.0;839.0;-99.0;-197.0;-11.0;14;72;
147949582 ;254;-1920.0;4400.0;82.0;-269.0;-939.0;721.0;-99.0;-197.0;-11.0;18;4;
147949588 ;255;-2009.0;4921.0;63.0;-173.0;-882.0;597.0;-103.0;-201.0;-7.0;204;62;
147949599 ;0;-2167.0;5647.0;67.0;-111.0;-860.0;442.0;-103.0;-201.0;-7.0;195;43;
147949608 ;1;-2348.0;6407.0;42.0;-85.0;-862.0;270.0;-103.0;-203.0;1.0;99;149;
147949617 ;2;-2462.0;6983.0;-51.0;-90.0;-864.0;42.0;-103.0;-203.0;1.0;234;80;
147949629 ;3;-2329.0;7084.0;-60.0;-138.0;-837.0;-212.0;-103.0;-201.0;1.0;186;6;
147949637 ;4;-2059.0;6448.0;-142.0;-207.0;-734.0;-485.0;-103.0;-201.0;1.0;11;211;
147949651 ;5;-1794.0;5415.0;-190.0;-225.0;-583.0;-763.0;-101.0;-205.0;-1.0;66;82;
147949686 ;6;-1592.0;4443.0;-210.0;-129.0;-442.0;-1048.0;-101.0;-205.0;-1.0;249;5;
147949688 ;7;-1423.0;3660.0;-193.0;49.0;-355.0;-1332.0;-103.0;-205.0;1.0;145;235;
147949692 ;8;-1397.0;3211.0;-129.0;237.0;-319.0;-1604.0;-103.0;-205.0;1.0;248;104;
147949693 ;9;-1361.0;3028.0;1.0;391.0;-348.0;-1854.0;-102.0;-206.0;0.0;106;230;
147949709 ;11;-1287.0;3251.0;52.0;632.0;-560.0;-2216.0;-94.0;-210.0;6.0;133;219;
147949728 ;13;-1276.0;3885.0;-90.0;777.0;-840.0;-2457.0;-86.0;-216.0;6.0;10;248;
147949748 ;15;-1273.0;4395.0;-203.0;812.0;-1168.0;-2573.0;-81.0;-223.0;7.0;2;2;
147949769 ;17;-1388.0;4961.0;-341.0;822.0;-1543.0;-2547.0;-73.0;-225.0;11.0;243;31;
147949791 ;19;-1463.0;5380.0;-423.0;722.0;-1882.0;-2431.0;-66.0;-226.0;20.0;199;113;
147949836 ;21;-1439.0;5389.0;-409.0;537.0;-2143.0;-2249.0;-49.0;-227.0;21.0;1;111;
147949837 ;22;-1326.0;5084.0;-414.0;465.0;-2225.0;-2146.0;-49.0;-227.0;21.0;7;129;
147949844 ;23;-1190.0;4873.0;-375.0;438.0;-2237.0;-2066.0;-43.0;-225.0;19.0;20;50;
147949845 ;24;-1101.0;4671.0;-405.0;411.0;-2188.0;-1988.0;-43.0;-225.0;19.0;234;198;
147949850 ;25;-1034.0;4562.0;-353.0;371.0;-2126.0;-1917.0;-37.0;-231.0;27.0;89;9;
147949862 ;26;-965.0;4462.0;-355.0;336.0;-2072.0;-1855.0;-37.0;-231.0;27.0;139;69;
147949868 ;27;-868.0;4338.0;-347.0;299.0;-2024.0;-1795.0;-23.0;-233.0;31.0;208;198;
147949879 ;28;-742.0;4242.0;-339.0;265.0;-1961.0;-1741.0;-23.0;-233.0;31.0;76;140;
147949888 ;29;-689.0;4168.0;-277.0;224.0;-1873.0;-1692.0;-20.0;-232.0;26.0;212;12;
147949909 ;31;-631.0;4048.0;-317.0;145.0;-1622.0;-1614.0;-14.0;-232.0;26.0;112;218;
147949930 ;33;-680.0;3894.0;-404.0;78.0;-1359.0;-1556.0;-6.0;-226.0;26.0;93;235;
147949937 ;33;19746.0;-4099.0;21262.0;14078.0;11520.0;2043.0;-1286.0;7935.0;6911.0;0;54;
147949949 ;35;-744.0;3818.0;-420.0;41.0;-1134.0;-1496.0;-1.0;-235.0;25.0;183;203;
147949987 ;36;-754.0;3791.0;-387.0;22.0;-1044.0;-1480.0;-1.0;-235.0;25.0;11;143;
147949988 ;37;-731.0;3845.0;-317.0;0.0;-958.0;-1474.0;4.0;-230.0;26.0;243;97;
147949989 ;38;-701.0;3890.0;-317.0;-23.0;-857.0;-1453.0;4.0;-230.0;26.0;161;173;
147949993 ;39;-651.0;3940.0;-241.0;-48.0;-732.0;-1424.0;11.0;-227.0;27.0;224;144;
147950002 ;40;-654.0;3987.0;-285.0;-71.0;-588.0;-1405.0;11.0;-227.0;27.0;108;136;
147950019 ;42;-634.0;4109.0;-299.0;-102.0;-268.0;-1366.0;23.0;-227.0;27.0;68;156;
147950028 ;43;-634.0;4116.0;-302.0;-108.0;-87.0;-1350.0;20.0;-226.0;26.0;6;192;
147950039 ;44;-586.0;4089.0;-298.0;-108.0;107.0;-1345.0;20.0;-226.0;26.0;231;57;
147950048 ;45;-586.0;3995.0;-228.0;-102.0;309.0;-1350.0;24.0;-224.0;26.0;163;247;
147950057 ;46;-587.0;3874.0;-197.0;-80.0;517.0;-1356.0;24.0;-224.0;26.0;42;126;
147950072 ;47;-581.0;3730.0;-220.0;-46.0;712.0;-1365.0;30.0;-222.0;28.0;111;109;
147950077 ;48;-604.0;3679.0;-210.0;5.0;884.0;-1374.0;30.0;-222.0;28.0;8;54;
147950088 ;49;-630.0;3638.0;-188.0;69.0;1024.0;-1374.0;38.0;-222.0;22.0;171;27;
147950097 ;50;-700.0;3652.0;-134.0;130.0;1129.0;-1372.0;38.0;-222.0;22.0;82;50;
147950137 ;51;-748.0;3711.0;-136.0;178.0;1195.0;-1355.0;40.0;-218.0;26.0;233;191;
147950139 ;52;-762.0;3740.0;-184.0;219.0;1236.0;-1321.0;40.0;-218.0;26.0;61;13;
147950141 ;52;-762.0;3740.0;-184.0;219.0;1236.0;-1321.0;40.0;-218.0;26.0;61;13;
147950148 ;54;-812.0;3690.0;-40.0;271.0;1260.0;-1199.0;42.0;-216.0;28.0;56;218;
147950159 ;56;-992.0;3497.0;28.0;277.0;1190.0;-1004.0;45.0;-215.0;33.0;150;242;
147950168 ;57;-1074.0;3334.0;72.0;265.0;1099.0;-883.0;47.0;-209.0;31.0;229;179;
147950177 ;58;-1107.0;3212.0;121.0;269.0;975.0;-746.0;47.0;-209.0;31.0;140;116;
147950197 ;60;-1089.0;3614.0;151.0;266.0;689.0;-311.0;56.0;-208.0;34.0;241;143;
147950218 ;62;-1216.0;4396.0;296.0;72.0;417.0;287.0;59.0;-207.0;35.0;161;155;
147950229 ;235;9466.0;-20206.0;-24063.0;6399.0;29441.0;14594.0;13056.0;9727.0;-2816.0;32;135;
147950288 ;66;-1411.0;4266.0;543.0;-490.0;149.0;1604.0;44.0;-204.0;36.0;52;180;
147950289 ;67;-1358.0;3805.0;527.0;-556.0;285.0;1855.0;48.0;-214.0;36.0;199;51;
147950291 ;67;-6588.0;27130.0;-6643.0;-20991.0;-2307.0;5121.0;12296.0;10752.0;9471.0;0;203;
147950302 ;70;-1260.0;2900.0;501.0;-602.0;969.0;2404.0;35.0;-213.0;35.0;32;0;
147950317 ;72;-1269.0;2740.0;784.0;-568.0;1349.0;2654.0;33.0;-209.0;33.0;48;206;
147950337 ;74;-1444.0;3207.0;960.0;-568.0;1488.0;2836.0;25.0;-217.0;37.0;61;149;
147950357 ;76;-1748.0;3951.0;986.0;-714.0;1301.0;2975.0;17.0;-221.0;35.0;67;171;
147950377 ;78;-1853.0;4618.0;672.0;-867.0;996.0;3034.0;6.0;-224.0;34.0;157;73;
147950397 ;80;-1850.0;5322.0;281.0;-968.0;833.0;2977.0;-1.0;-225.0;33.0;145;111;
147950443 ;82;-1766.0;5801.0;105.0;-996.0;830.0;2732.0;-14.0;-222.0;26.0;242;252;
147950443 ;82;-1766.0;5801.0;105.0;-996.0;800.0;2732.0;-14.0;-222.0;26.0;242;226;
147950445 ;84;-1639.0;5511.0;9.0;-992.0;1029.0;2381.0;-28.0;-228.0;26.0;72;254;
147950449 ;85;-1595.0;5231.0;-42.0;-948.0;1152.0;2186.0;-30.0;-226.0;28.0;13;71;
147950457 ;86;-1497.0;4904.0;-84.0;-876.0;1275.0;1980.0;-30.0;-226.0;28.0;243;5;
147950468 ;87;-1451.0;4587.0;-83.0;-788.0;1389.0;1752.0;-41.0;-225.0;23.0;187;3;
147950477 ;88;-1336.0;4299.0;-43.0;-699.0;1490.0;1528.0;-41.0;-225.0;23.0;20;252;
147950491 ;89;-1291.0;4060.0;-12.0;-604.0;1596.0;1321.0;-46.0;-228.0;16.0;93;53;
147950497 ;90;-1232.0;3981.0;58.0;-514.0;1682.0;1125.0;-46.0;-228.0;16.0;125;43;
147950508 ;91;-1191.0;3980.0;95.0;-434.0;1762.0;953.0;-47.0;-229.0;15.0;188;36;
147950517 ;92;-1208.0;4056.0;124.0;-373.0;1837.0;796.0;-47.0;-229.0;15.0;1;235;
147950528 ;93;-1239.0;4175.0;94.0;-329.0;1907.0;659.0;-56.0;-224.0;20.0;38;244;
147950537 ;94;-1326.0;4248.0;-24.0;-282.0;1946.0;543.0;-56.0;-224.0;20.0;131;167;
147950548 ;95;-1415.0;4313.0;-21.0;-249.0;1941.0;444.0;-56.0;-226.0;14.0;32;36;
147950589 ;96;-1500.0;4413.0;-158.0;-218.0;1873.0;369.0;-56.0;-226.0;14.0;56;2;
147950598 ;98;-1635.0;4531.0;-285.0;-165.0;1576.0;274.0;-58.0;-222.0;8.0;80;230;
147950599 ;99;-1606.0;4590.0;-245.0;-160.0;1373.0;264.0;-55.0;-225.0;5.0;254;28;
147950603 ;100;-1606.0;4555.0;-248.0;-168.0;1180.0;282.0;-55.0;-225.0;5.0;33;215;
147950608 ;101;-1619.0;4469.0;-199.0;-192.0;995.0;318.0;-55.0;-221.0;1.0;66;50;
147950617 ;102;-1664.0;4265.0;-211.0;-219.0;825.0;361.0;-55.0;-221.0;1.0;163;61;
147950632 ;103;-1692.0;4050.0;-153.0;-251.0;676.0;420.0;-60.0;-222.0;-2.0;101;139;
147950637 ;104;-1674.0;3837.0;-59.0;-291.0;538.0;486.0;-60.0;-222.0;-2.0;143;63;
147950648 ;105;-1685.0;3599.0;-12.0;-330.0;412.0;549.0;-61.0;-225.0;5.0;100;240;
147950657 ;106;-1718.0;3418.0;25.0;-366.0;302.0;621.0;-61.0;-225.0;5.0;106;72;
147950668 ;107;-1709.0;3267.0;59.0;-412.0;193.0;695.0;-63.0;-217.0;-5.0;167;19;
147950677 ;108;-1671.0;3107.0;75.0;-440.0;106.0;767.0;-63.0;-217.0;-5.0;19;97;
147950688 ;109;-1668.0;3040.0;121.0;-454.0;46.0;824.0;-60.0;-220.0;6.0;253;103;
147950700 ;110;-1668.0;3031.0;78.0;-486.0;-5.0;886.0;-60.0;-220.0;6.0;180;32;
147950708 ;111;-1680.0;3060.0;32.0;-514.0;-52.0;938.0;-64.0;-220.0;-4.0;113;109;
147950740 ;112;-1683.0;3150.0;8.0;-535.0;-106.0;988.0;-64.0;-220.0;-4.0;153;193;
147950760 ;113;-1723.0;3315.0;-28.0;-545.0;-178.0;1028.0;-73.0;-217.0;-1.0;198;0;
147950762 ;114;-1759.0;3568.0;-96.0;-556.0;-254.0;1063.0;-73.0;-217.0;-1.0;41;69;
147950763 ;115;-1781.0;3788.0;-85.0;-569.0;-323.0;1079.0;-75.0;-215.0;-3.0;183;233;
147950772 ;116;-1807.0;4015.0;-133.0;-570.0;-370.0;1077.0;-75.0;-215.0;-3.0;31;151;
147950773 ;117;-1810.0;4174.0;-136.0;-565.0;-383.0;1053.0;-70.0;-212.0;-10.0;155;95;
147950779 ;118;-1804.0;4307.0;-223.0;-540.0;-351.0;998.0;-70.0;-212.0;-10.0;209;113;
147950788 ;119;-1785.0;4380.0;-237.0;-501.0;-276.0;917.0;-76.0;-216.0;-8.0;60;168;
147950797 ;120;-1747.0;4406.0;-382.0;-440.0;-160.0;806.0;-76.0;-216.0;-8.0;46;74;
147950808 ;121;-1682.0;4506.0;-571.0;-324.0;-43.0;687.0;-77.0;-207.0;-5.0;146;52;
147950817 ;122;-1699.0;5016.0;-519.0;-128.0;53.0;564.0;-77.0;-207.0;-5.0;97;129;
147950828 ;123;-1780.0;5705.0;-523.0;11.0;123.0;413.0;-80.0;-208.0;-14.0;238;146;
147950840 ;124;-1907.0;6429.0;-404.0;116.0;137.0;241.0;-80.0;-208.0;-14.0;136;52;
147950848 ;125;-2016.0;6937.0;-256.0;168.0;115.0;42.0;-82.0;-208.0;-10.0;8;20;
147950890 ;126;-2041.0;7046.0;-186.0;183.0;81.0;-187.0;-82.0;-208.0;-10.0;170;68;
147950893 ;127;-1942.0;6426.0;-15.0;178.0;66.0;-437.0;-84.0;-206.0;-10.0;60;24;
147950897 ;128;-1835.0;5402.0;32.0;197.0;77.0;-674.0;-84.0;-206.0;-10.0;4;20;
147950898 ;129;-1714.0;4401.0;7.0;307.0;81.0;-905.0;-82.0;-208.0;-8.0;6;74;
147950899 ;130;-1637.0;3639.0;-55.0;465.0;44.0;-1148.0;-82.0;-208.0;-8.0;157;223;
147950910 ;131;-1614.0;3190.0;21.0;620.0;-32.0;-1371.0;-83.0;-209.0;-13.0;167;45;
147950917 ;132;-1603.0;3005.0;-16.0;749.0;-132.0;-1568.0;-83.0;-209.0;-13.0;42;168;
147950928 ;133;-1597.0;2979.0;-9.0;849.0;-243.0;-1753.0;-82.0;-208.0;-12.0;94;222;
147950937 ;134;-1577.0;3123.0;-64.0;923.0;-388.0;-1910.0;-82.0;-208.0;-12.0;231;127;
147950948 ;135;-1568.0;3388.0;-128.0;994.0;-558.0;-2040.0;-77.0;-215.0;-5.0;218;90;
147950957 ;136;-1562.0;3642.0;-162.0;1046.0;-755.0;-2150.0;-77.0;-215.0;-5.0;191;57;
147950968 ;137;-1553.0;3916.0;-250.0;1080.0;-972.0;-2235.0;-66.0;-216.0;-2.0;132;222;
147950980 ;138;-1534.0;4208.0;-340.0;1100.0;-1204.0;-2294.0;-66.0;-216.0;-2.0;83;255;
147950988 ;139;-1502.0;4489.0;-398.0;1103.0;-1442.0;-2326.0;-63.0;-213.0;3.0;83;119;
147950999 ;140;-1422.0;4750.0;-473.0;1089.0;-1655.0;-2333.0;-63.0;-213.0;3.0;116;162;
147951008 ;141;-1344.0;4979.0;-479.0;1049.0;-1829.0;-2314.0;-52.0;-222.0;4.0;226;246;
147951042 ;142;-1288.0;5123.0;-486.0;991.0;-1957.0;-2279.0;-52.0;-222.0;4.0;14;46;
147951043 ;143;-1233.0;5211.0;-555.0;928.0;-2033.0;-2224.0;-47.0;-219.0;13.0;22;28;
147951044 ;144;-1203.0;5197.0;-541.0;862.0;-2066.0;-2144.0;-47.0;-219.0;13.0;33;161;
147951053 ;145;-1101.0;5115.0;-451.0;811.0;-2052.0;-2070.0;-41.0;-227.0;13.0;179;33;
147951059 ;146;-1053.0;5026.0;-462.0;769.0;-2004.0;-1994.0;-41.0;-227.0;13.0;212;2;
147951068 ;147;-1010.0;4926.0;-379.0;732.0;-1929.0;-1923.0;-34.0;-230.0;14.0;97;3;
147951077 ;148;-976.0;4835.0;-356.0;698.0;-1842.0;-1855.0;-34.0;-230.0;14.0;184;156;
147951088 ;149;-915.0;4760.0;-309.0;670.0;-1756.0;-1781.0;-31.0;-231.0;15.0;99;213;
147951097 ;150;-852.0;4617.0;-247.0;642.0;-1666.0;-1708.0;-31.0;-231.0;15.0;218;92;
147951108 ;151;-793.0;4496.0;-198.0;619.0;-1564.0;-1638.0;-24.0;-226.0;18.0;113;17;
147951122 ;152;-760.0;4387.0;-208.0;604.0;-1473.0;-1572.0;-24.0;-226.0;18.0;172;224;
147951128 ;153;-760.0;4293.0;-201.0;586.0;-1369.0;-1519.0;-20.0;-228.0;20.0;229;65;
147951139 ;154;-817.0;4176.0;-205.0;557.0;-1280.0;-1470.0;-20.0;-228.0;20.0;161;135;
147951148 ;155;-837.0;4044.0;-230.0;532.0;-1202.0;-1428.0;-15.0;-225.0;17.0;84;26;
147951157 ;156;-866.0;3914.0;-222.0;510.0;-1142.0;-1392.0;-15.0;-225.0;17.0;7;87;
147951193 ;157;-907.0;3757.0;-209.0;494.0;-1098.0;-1365.0;-11.0;-223.0;23.0;145;125;
147951194 ;158;-911.0;3622.0;-211.0;479.0;-1066.0;-1332.0;-11.0;-223.0;23.0;55;197;
147951197 ;159;-907.0;3528.0;-208.0;464.0;-1048.0;-1308.0;-7.0;-227.0;25.0;253;23;
147951198 ;160;-872.0;3475.0;-222.0;453.0;-1040.0;-1282.0;-7.0;-227.0;25.0;245;155;
147951209 ;161;-882.0;3414.0;-202.0;434.0;-1033.0;-1254.0;-5.0;-225.0;25.0;216;200;
147951216 ;162;-868.0;3396.0;-151.0;413.0;-1023.0;-1225.0;-5.0;-225.0;25.0;27;103;
147951229 ;163;-873.0;3381.0;-123.0;385.0;-1003.0;-1191.0;2.0;-220.0;22.0;72;164;
147951237 ;164;-862.0;3379.0;-53.0;348.0;-975.0;-1158.0;2.0;-220.0;22.0;176;4;
147951248 ;165;-874.0;3406.0;-40.0;306.0;-931.0;-1124.0;3.0;-229.0;25.0;236;138;
147951260 ;166;-865.0;3401.0;-18.0;265.0;-868.0;-1089.0;3.0;-229.0;25.0;64;104;
147951268 ;167;-838.0;3446.0;23.0;215.0;-792.0;-1051.0;9.0;-233.0;27.0;246;128;
147951279 ;168;-847.0;3412.0;-23.0;171.0;-698.0;-1017.0;9.0;-233.0;27.0;243;145;
147951288 ;169;-818.0;3421.0;36.0;129.0;-585.0;-984.0;15.0;-227.0;25.0;200;46;
147951295 ;170;-817.0;3357.0;36.0;94.0;-467.0;-952.0;15.0;-227.0;25.0;254;74;
147951308 ;171;-788.0;3314.0;30.0;68.0;-337.0;-920.0;16.0;-226.0;28.0;119;29;
147951343 ;172;-771.0;3342.0;39.0;55.0;-202.0;-886.0;16.0;-226.0;28.0;76;198;
147951344 ;173;-749.0;3375.0;63.0;46.0;-60.0;-845.0;19.0;-227.0;21.0;70;202;
147951349 ;174;-741.0;3496.0;51.0;38.0;85.0;-798.0;19.0;-227.0;21.0;117;125;
147951350 ;175;-712.0;3645.0;67.0;26.0;231.0;-743.0;27.0;-229.0;23.0;255;193;
147951357 ;176;-714.0;3757.0;56.0;4.0;378.0;-677.0;27.0;-229.0;23.0;35;251;
147951368 ;177;-730.0;3843.0;66.0;-12.0;517.0;-596.0;29.0;-227.0;33.0;79;141;
147951377 ;178;-713.0;3865.0;23.0;-27.0;656.0;-507.0;29.0;-227.0;33.0;34;254;
147951388 ;179;-755.0;3839.0;102.0;-44.0;792.0;-399.0;29.0;-227.0;23.0;7;169;
147951400 ;180;-803.0;3808.0;146.0;-67.0;911.0;-287.0;29.0;-227.0;23.0;180;250;
147951408 ;181;-879.0;3680.0;140.0;-90.0;995.0;-162.0;27.0;-225.0;23.0;158;228;
147951419 ;182;-916.0;3626.0;158.0;-109.0;1047.0;-23.0;27.0;-225.0;23.0;3;51;
147951428 ;183;-895.0;3661.0;174.0;-117.0;1069.0;133.0;28.0;-224.0;30.0;0;8;
147951437 ;184;-908.0;3914.0;146.0;-131.0;1075.0;347.0;28.0;-224.0;30.0;165;255;
147951449 ;185;-971.0;4264.0;155.0;-166.0;1069.0;579.0;29.0;-229.0;31.0;140;82;
147951457 ;186;-1082.0;4612.0;180.0;-228.0;1053.0;838.0;29.0;-229.0;31.0;74;86;
147951494 ;187;-1174.0;4906.0;249.0;-314.0;1024.0;1104.0;25.0;-223.0;31.0;244;112;
147951495 ;188;-1268.0;5064.0;272.0;-408.0;987.0;1372.0;25.0;-223.0;31.0;214;100;
147951505 ;189;-1344.0;5062.0;338.0;-509.0;975.0;1631.0;24.0;-224.0;32.0;92;164;
147951508 ;190;-1395.0;4788.0;336.0;-608.0;1007.0;1863.0;24.0;-224.0;32.0;186;2;
147951509 ;191;-1397.0;4374.0;334.0;-695.0;1072.0;2050.0;18.0;-226.0;30.0;181;203;
147951517 ;192;-1410.0;3987.0;260.0;-740.0;1150.0;2205.0;18.0;-226.0;30.0;150;20;
147951528 ;193;-1406.0;3668.0;276.0;-756.0;1215.0;2331.0;10.0;-232.0;24.0;7;113;
147951540 ;194;-1412.0;3428.0;331.0;-766.0;1266.0;2428.0;10.0;-232.0;24.0;210;196;
147951548 ;195;-1424.0;3268.0;425.0;-779.0;1289.0;2516.0;1.0;-231.0;25.0;223;37;
147951559 ;196;-1483.0;3209.0;467.0;-782.0;1265.0;2605.0;1.0;-231.0;25.0;210;84;
147951568 ;197;-1553.0;3317.0;546.0;-785.0;1204.0;2670.0;-7.0;-233.0;21.0;58;28;
147951577 ;198;-1656.0;3544.0;635.0;-812.0;1107.0;2720.0;-7.0;-233.0;21.0;199;31;
147951589 ;199;-1765.0;3875.0;685.0;-861.0;984.0;2757.0;-21.0;-231.0;19.0;68;38;
147951597 ;200;-1863.0;4211.0;675.0;-921.0;861.0;2766.0;-21.0;-231.0;19.0;123;129;
147951610 ;201;-1921.0;4496.0;597.0;-982.0;750.0;2741.0;-28.0;-234.0;18.0;65;215;
147951645 ;202;-1929.0;4752.0;491.0;-1033.0;674.0;2683.0;-28.0;-234.0;18.0;22;58;
147951647 ;203;-1901.0;4994.0;361.0;-1056.0;635.0;2585.0;-38.0;-232.0;12.0;246;204;
147951648 ;204;-1851.0;5252.0;178.0;-1061.0;655.0;2454.0;-38.0;-232.0;12.0;255;5;
147951652 ;205;-1708.0;5380.0;70.0;-1033.0;686.0;2259.0;-45.0;-235.0;3.0;9;163;
147951657 ;206;-1542.0;5397.0;-1.0;-994.0;788.0;2081.0;-45.0;-235.0;3.0;86;254;
147951669 ;207;-1357.0;5229.0;-88.0;-949.0;971.0;1874.0;-54.0;-230.0;10.0;40;114;
147951682 ;208;-1183.0;4979.0;-162.0;-861.0;1183.0;1640.0;-54.0;-230.0;10.0;213;209;
147951688 ;209;-1071.0;4721.0;-80.0;-768.0;1419.0;1401.0;-62.0;-224.0;4.0;232;20;
147951698 ;210;-1011.0;4500.0;48.0;-672.0;1646.0;1165.0;-62.0;-224.0;4.0;32;38;
147951709 ;211;-1019.0;4296.0;149.0;-585.0;1848.0;937.0;-63.0;-227.0;1.0;231;79;
147951717 ;212;-1077.0;4154.0;187.0;-507.0;2010.0;727.0;-63.0;-227.0;1.0;99;113;
147951728 ;213;-1103.0;4082.0;310.0;-441.0;2142.0;543.0;-66.0;-228.0;-4.0;130;44;
147951737 ;214;-1147.0;4026.0;282.0;-391.0;2248.0;382.0;-66.0;-228.0;-4.0;253;181;
147951750 ;215;-1153.0;4047.0;263.0;-348.0;2343.0;242.0;-64.0;-224.0;-8.0;250;222;
147951757 ;216;-1193.0;4106.0;162.0;-308.0;2422.0;129.0;-64.0;-224.0;-8.0;175;205;
147951798 ;217;-1257.0;4162.0;113.0;-295.0;2468.0;38.0;-67.0;-221.0;-11.0;84;4;
147951800 ;218;-1334.0;4171.0;71.0;-295.0;2469.0;-18.0;-67.0;-221.0;-11.0;174;210;
147951806 ;219;-1458.0;4157.0;-12.0;-294.0;2424.0;-48.0;-69.0;-227.0;-13.0;125;179;
147951807 ;219;-1458.0;4157.0;-12.0;-294.0;2424.0;-48.0;-69.0;-227.0;-13.0;125;179;
147951809 ;221;-1623.0;4145.0;-95.0;-313.0;2179.0;-52.0;-62.0;-226.0;-16.0;114;138;
147951820 ;222;-1657.0;4111.0;-132.0;-348.0;2000.0;-21.0;-62.0;-226.0;-16.0;82;92;
147951827 ;223;-1701.0;4048.0;-180.0;-387.0;1804.0;30.0;-57.0;-225.0;-17.0;5;101;
147951838 ;224;-1716.0;3936.0;-252.0;-438.0;1596.0;95.0;-57.0;-225.0;-17.0;124;242;
147951847 ;225;-1691.0;3791.0;-190.0;-482.0;1391.0;171.0;-61.0;-227.0;-19.0;140;198;
147951858 ;226;-1687.0;3660.0;-213.0;-520.0;1199.0;256.0;-61.0;-227.0;-19.0;101;173;
147951868 ;227;-1673.0;3527.0;-172.0;-558.0;1027.0;354.0;-60.0;-218.0;-26.0;170;150;
147951877 ;228;-1622.0;3419.0;-219.0;-605.0;879.0;465.0;-60.0;-218.0;-26.0;238;8;
147951890 ;229;-1527.0;3297.0;-179.0;-616.0;776.0;558.0;-57.0;-225.0;-21.0;233;237;
147951897 ;230;-1479.0;3239.0;-123.0;-637.0;729.0;659.0;-57.0;-225.0;-21.0;56;38;
147951948 ;233;-1574.0;3114.0;-58.0;-687.0;612.0;957.0;-59.0;-227.0;-31.0;21;77;
147951949 ;234;-1609.0;3120.0;-79.0;-684.0;554.0;1048.0;-59.0;-227.0;-31.0;9;167;
147951960 ;236;-1708.0;3339.0;-150.0;-680.0;412.0;1189.0;-66.0;-220.0;-32.0;62;228;
147951983 ;192;10495.0;-9473.0;22271.0;2592.0;-21521.0;-1032.0;30223.0;32255.0;24061.0;0;169;
147952008 ;241;-1991.0;4396.0;-265.0;-635.0;-121.0;1273.0;-74.0;-216.0;-40.0;54;106;
147952017 ;242;-2009.0;4491.0;-329.0;-613.0;-217.0;1231.0;-74.0;-216.0;-40.0;208;24;
147952029 ;243;-1936.0;4535.0;-471.0;-553.0;-297.0;1155.0;-77.0;-215.0;-43.0;82;20;
147952048 ;245;-1978.0;5495.0;-637.0;-294.0;-452.0;999.0;-79.0;-211.0;-41.0;23;203;
147952099 ;248;-2219.0;7175.0;-528.0;-65.0;-704.0;505.0;-82.0;-212.0;-44.0;30;202;
147952104 ;250;-1904.0;5681.0;-264.0;-95.0;-621.0;-8.0;-87.0;-213.0;-45.0;180;0;
147952119 ;252;-1591.0;3696.0;-206.0;198.0;-402.0;-515.0;-91.0;-209.0;-43.0;105;163;
147952138 ;254;-1538.0;2925.0;-50.0;589.0;-408.0;-1012.0;-85.0;-205.0;-41.0;211;29;
147952158 ;0;-1636.0;2975.0;78.0;820.0;-653.0;-1385.0;-88.0;-216.0;-42.0;146;232;
147952177 ;2;-1626.0;3431.0;-72.0;961.0;-1019.0;-1678.0;-83.0;-215.0;-41.0;208;70;
147952197 ;4;-1642.0;3954.0;-283.0;1030.0;-1448.0;-1872.0;-79.0;-217.0;-31.0;219;71;
147952248 ;6;-1642.0;4584.0;-485.0;1067.0;-1876.0;-1982.0;-75.0;-221.0;-31.0;148;22;
147952249 ;7;-1606.0;4954.0;-491.0;1063.0;-2041.0;-2017.0;-71.0;-229.0;-29.0;89;73;
147952251 ;8;-1532.0;5292.0;-492.0;1036.0;-2165.0;-2044.0;-71.0;-229.0;-29.0;68;184;
147952258 ;9;-1471.0;5517.0;-508.0;983.0;-2228.0;-2052.0;-65.0;-225.0;-19.0;234;44;
147952259 ;10;-1373.0;5545.0;-479.0;913.0;-2231.0;-2050.0;-65.0;-225.0;-19.0;63;141;
147952267 ;11;-1235.0;5437.0;-431.0;854.0;-2163.0;-2052.0;-58.0;-232.0;-20.0;149;153;
147952278 ;12;-1140.0;5261.0;-410.0;809.0;-2050.0;-2056.0;-58.0;-232.0;-20.0;153;177;
147952287 ;13;-1098.0;5113.0;-340.0;782.0;-1923.0;-2061.0;-51.0;-233.0;-9.0;230;140;
147952298 ;14;-1054.0;5005.0;-282.0;769.0;-1808.0;-2063.0;-51.0;-233.0;-9.0;69;101;
147952310 ;15;-967.0;4924.0;-226.0;758.0;-1703.0;-2062.0;-46.0;-236.0;-6.0;234;188;
147952317 ;16;-851.0;4846.0;-184.0;735.0;-1589.0;-2062.0;-46.0;-236.0;-6.0;149;9;
147952328 ;17;-764.0;4760.0;-217.0;716.0;-1469.0;-2056.0;-44.0;-238.0;-10.0;223;39;
147952337 ;18;-748.0;4685.0;-212.0;703.0;-1324.0;-2054.0;-44.0;-238.0;-10.0;48;12;
147952357 ;20;-812.0;4532.0;-283.0;678.0;-1065.0;-2036.0;-35.0;-241.0;-1.0;28;6;
147952399 ;21;-857.0;4434.0;-287.0;663.0;-982.0;-2023.0;-23.0;-241.0;1.0;235;125;
147952402 ;22;-948.0;4348.0;-292.0;655.0;-935.0;-2011.0;-23.0;-241.0;1.0;104;80;
147952404 ;23;-947.0;4233.0;-339.0;645.0;-911.0;-1987.0;-18.0;-244.0;4.0;243;111;
147952409 ;24;-939.0;4159.0;-330.0;633.0;-904.0;-1967.0;-18.0;-244.0;4.0;202;76;
147952415 ;25;-928.0;4096.0;-255.0;619.0;-898.0;-1944.0;-12.0;-246.0;6.0;248;194;
147952418 ;26;-913.0;4028.0;-241.0;601.0;-899.0;-1918.0;-12.0;-246.0;6.0;216;184;
147952429 ;27;-906.0;3994.0;-200.0;577.0;-891.0;-1889.0;-6.0;-240.0;4.0;254;90;
147952437 ;28;-893.0;3951.0;-219.0;554.0;-881.0;-1852.0;-6.0;-240.0;4.0;230;122;
147952451 ;29;-864.0;3919.0;-195.0;521.0;-863.0;-1810.0;2.0;-238.0;6.0;36;64;
147952457 ;30;-879.0;3890.0;-187.0;482.0;-830.0;-1768.0;2.0;-238.0;6.0;37;11;
147952468 ;31;-871.0;3861.0;-142.0;447.0;-791.0;-1724.0;7.0;-233.0;15.0;129;49;
147952477 ;32;-844.0;3818.0;-101.0;405.0;-732.0;-1682.0;7.0;-233.0;15.0;214;248;
147952497 ;34;-824.0;3732.0;-83.0;326.0;-572.0;-1589.0;16.0;-232.0;10.0;91;69;
147952549 ;36;-759.0;3601.0;-40.0;266.0;-361.0;-1478.0;22.0;-234.0;10.0;83;149;
147952552 ;37;-745.0;3562.0;-81.0;244.0;-244.0;-1432.0;27.0;-233.0;13.0;167;57;
147952557 ;38;-740.0;3531.0;-50.0;224.0;-122.0;-1382.0;27.0;-233.0;13.0;69;29;
147952558 ;39;-715.0;3510.0;-19.0;209.0;1.0;-1325.0;33.0;-235.0;13.0;19;83;
147952567 ;41;-727.0;3501.0;5.0;186.0;239.0;-1178.0;40.0;-224.0;16.0;153;93;
147952577 ;42;-754.0;3502.0;29.0;177.0;342.0;-1091.0;40.0;-224.0;16.0;78;10;
147952589 ;43;-805.0;3520.0;67.0;162.0;429.0;-997.0;43.0;-219.0;17.0;3;161;
147952597 ;44;-791.0;3493.0;63.0;145.0;495.0;-894.0;43.0;-219.0;17.0;139;101;
147952608 ;45;-891.0;3437.0;147.0;120.0;527.0;-781.0;46.0;-224.0;16.0;186;22;
147952617 ;46;-967.0;3341.0;199.0;93.0;528.0;-672.0;46.0;-224.0;16.0;151;53;
147952641 ;48;-1120.0;3086.0;395.0;17.0;449.0;-448.0;53.0;-223.0;21.0;22;88;
147952700 ;52;-956.0;3892.0;405.0;-220.0;298.0;304.0;51.0;-219.0;23.0;100;54;
147952702 ;53;-966.0;4321.0;376.0;-331.0;330.0;589.0;52.0;-222.0;22.0;183;225;
147952705 ;18;324.0;-456.0;394.0;893.0;52.0;-222.0;22.0;8348.0;14090.0;201;236;
147952730 ;57;-1234.0;4238.0;298.0;-775.0;820.0;1719.0;49.0;-225.0;19.0;160;50;
147952748 ;59;-1174.0;3312.0;281.0;-843.0;1305.0;2074.0;34.0;-224.0;14.0;32;208;
147952757 ;60;-1183.0;3082.0;228.0;-840.0;1521.0;2223.0;34.0;-224.0;14.0;108;138;
147952768 ;61;-1231.0;2999.0;265.0;-818.0;1678.0;2359.0;36.0;-224.0;16.0;80;6;
