148225329 ;1;-8699.0;10767.0;-7526.0;31.0;-14357.0;-4202.0;119.0;-23.0;79.0;199;201;
148225391 ;2;-2641.0;5398.0;-3555.0;3001.0;-11525.0;-1856.0;119.0;-23.0;79.0;1;19;
148225394 ;3;5115.0;6314.0;4437.0;162.0;-6503.0;-5418.0;74.0;2.0;-66.0;77;223;
148225398 ;4;4463.0;3668.0;5353.0;-366.0;1875.0;-5893.0;74.0;2.0;-66.0;227;213;
148225399 ;5;-1618.0;1557.0;2889.0;19.0;4868.0;-7302.0;55.0;13.0;-81.0;190;222;
148225400 ;6;-2757.0;-102.0;3456.0;-731.0;5029.0;-7272.0;55.0;13.0;-81.0;205;117;
148225406 ;7;-1979.0;-735.0;2118.0;-549.0;4885.0;-5562.0;49.0;21.0;-77.0;2;230;
148225407 ;8;-335.0;-898.0;516.0;-273.0;2898.0;-4885.0;49.0;21.0;-77.0;122;206;
148225414 ;9;1778.0;-1866.0;-95.0;-737.0;989.0;-4754.0;45.0;33.0;-71.0;214;50;
148225419 ;10;3370.0;-2225.0;-264.0;-964.0;106.0;-4578.0;45.0;33.0;-71.0;91;169;
148225428 ;11;4150.0;-2209.0;-1041.0;-1026.0;-408.0;-4533.0;41.0;41.0;-61.0;103;177;
148225437 ;12;6103.0;-2286.0;-1621.0;-954.0;-2366.0;-4272.0;41.0;41.0;-61.0;30;92;
148225469 ;13;8503.0;-4138.0;-1385.0;-1050.0;-4619.0;-3174.0;27.0;45.0;-65.0;59;127;
148225472 ;14;10003.0;-6412.0;257.0;-775.0;-5372.0;-1738.0;27.0;45.0;-65.0;103;81;
148225473 ;15;7935.0;-7226.0;2245.0;-823.0;-4493.0;-821.0;10.0;48.0;-68.0;174;202;
148225482 ;16;7658.0;-6795.0;2818.0;-824.0;-3107.0;-666.0;10.0;48.0;-68.0;148;172;
148225488 ;17;6886.0;-3975.0;3314.0;-256.0;-2056.0;-778.0;2.0;50.0;-64.0;117;69;
148225542 ;18;6704.0;1322.0;7207.0;232.0;-370.0;-227.0;2.0;50.0;-64.0;123;115;
148225544 ;19;6053.0;-2891.0;4678.0;-1601.0;-290.0;2542.0;-6.0;50.0;-66.0;109;105;
148225545 ;20;-6374.0;-8317.0;1989.0;-654.0;-202.0;3280.0;-6.0;50.0;-66.0;213;177;
148225554 ;21;191.0;-5170.0;-208.0;-810.0;-1566.0;4507.0;-2.0;52.0;-64.0;47;219;
148225555 ;22;2971.0;-4328.0;-867.0;-164.0;-1585.0;5277.0;-2.0;52.0;-64.0;74;44;
148225560 ;23;3045.0;-3987.0;-580.0;819.0;-92.0;4706.0;10.0;48.0;-60.0;145;21;
148225563 ;24;185.0;-3630.0;104.0;1570.0;1774.0;4325.0;10.0;48.0;-60.0;52;248;
148225571 ;25;-2761.0;-3602.0;464.0;2175.0;4160.0;4577.0;20.0;46.0;-66.0;231;147;
148225577 ;26;-7196.0;-2612.0;-1145.0;3064.0;6681.0;4538.0;20.0;46.0;-66.0;78;82;
148225608 ;27;-14103.0;-258.0;-295.0;3930.0;9488.0;3531.0;42.0;36.0;-64.0;76;160;
148225611 ;28;-18407.0;2584.0;3692.0;1271.0;13305.0;1849.0;42.0;36.0;-64.0;39;209;
148225612 ;29;-14592.0;670.0;1583.0;-540.0;15100.0;2288.0;61.0;29.0;-59.0;16;120;
148225620 ;30;-10949.0;-1762.0;-8066.0;1723.0;13119.0;5042.0;61.0;29.0;-59.0;227;169;
148225628 ;31;-11955.0;4050.0;-12864.0;2400.0;4677.0;3581.0;92.0;22.0;-36.0;236;222;
148225659 ;32;-18377.0;12056.0;-12445.0;1614.0;-4217.0;-1031.0;92.0;22.0;-36.0;189;85;
148225692 ;33;-12075.0;-2794.0;-13655.0;3008.0;-9023.0;-1950.0;100.0;16.0;-22.0;141;163;
148225693 ;34;-9227.0;-844.0;-6294.0;5221.0;-10962.0;-4269.0;100.0;16.0;-22.0;56;180;
148225697 ;35;-6135.0;2360.0;-2730.0;4494.0;-8937.0;-6245.0;91.0;17.0;-49.0;25;41;
148225698 ;36;-4125.0;2443.0;2650.0;2638.0;-4880.0;-6462.0;91.0;17.0;-49.0;46;214;
148225699 ;37;-655.0;682.0;2461.0;1830.0;-2895.0;-5626.0;59.0;19.0;-73.0;213;87;
148225729 ;38;1169.0;-318.0;3939.0;2005.0;-1793.0;-4861.0;59.0;19.0;-73.0;171;146;
148225732 ;40;290.0;194.0;3756.0;593.0;-364.0;-5443.0;43.0;25.0;-83.0;92;79;
148225737 ;42;7595.0;-70.0;2888.0;-309.0;-3883.0;-4174.0;30.0;28.0;-84.0;60;172;
148225767 ;43;12062.0;-1473.0;2715.0;-731.0;-5574.0;-2810.0;17.0;31.0;-85.0;155;197;
148225769 ;44;14709.0;-2983.0;2438.0;-991.0;-5871.0;-1783.0;17.0;31.0;-85.0;211;231;
148225780 ;45;15873.0;-5569.0;3403.0;-1426.0;-4339.0;-1136.0;-4.0;28.0;-90.0;194;240;
148225781 ;46;14918.0;-7783.0;2264.0;-1196.0;-2897.0;-16.0;-4.0;28.0;-90.0;207;109;
148225788 ;47;9536.0;-7284.0;3270.0;-583.0;-2244.0;850.0;-21.0;43.0;-85.0;252;112;
148225797 ;48;4654.0;-4466.0;6610.0;6.0;-3043.0;1605.0;-21.0;43.0;-85.0;34;74;
148225843 ;49;2023.0;234.0;8150.0;-911.0;-3818.0;2517.0;-23.0;37.0;-85.0;49;9;
148225846 ;50;2320.0;-1336.0;3331.0;-1551.0;-2934.0;5040.0;-23.0;37.0;-85.0;41;143;
148225852 ;51;-369.0;-2553.0;2950.0;29.0;-952.0;5176.0;-29.0;37.0;-83.0;216;250;
148225853 ;52;1567.0;-2966.0;2707.0;463.0;2551.0;4729.0;-29.0;37.0;-83.0;140;48;
148225856 ;53;2449.0;-3878.0;2892.0;771.0;6110.0;5039.0;-9.0;39.0;-81.0;162;224;
148225857 ;54;438.0;-3971.0;1887.0;903.0;8933.0;5014.0;-9.0;39.0;-81.0;239;199;
148225886 ;55;-1903.0;-2632.0;-1624.0;835.0;11667.0;4742.0;6.0;38.0;-80.0;177;109;
148225888 ;56;-5342.0;-534.0;-1770.0;1082.0;13822.0;4447.0;6.0;38.0;-80.0;33;247;
148225891 ;57;-9749.0;2380.0;-6470.0;-187.0;13398.0;3447.0;47.0;29.0;-75.0;110;226;
148225918 ;58;-15711.0;4470.0;-16866.0;-821.0;8638.0;3443.0;47.0;29.0;-75.0;80;26;
148225921 ;59;-26450.0;5147.0;-13234.0;1810.0;3100.0;3313.0;82.0;24.0;-50.0;105;41;
148225926 ;60;-25789.0;3498.0;-9456.0;2268.0;-4164.0;1433.0;82.0;24.0;-50.0;74;194;
148225928 ;61;-18825.0;-2200.0;-15548.0;2886.0;-13398.0;-1383.0;83.0;19.0;-41.0;143;233;
148225937 ;62;-14139.0;-2657.0;-9436.0;3918.0;-15561.0;-4394.0;83.0;19.0;-41.0;223;105;
148225994 ;63;-5224.0;43.0;-403.0;2917.0;-11579.0;-5483.0;70.0;18.0;-74.0;21;197;
148225997 ;64;-274.0;1265.0;4323.0;1785.0;-7926.0;-5174.0;70.0;18.0;-74.0;234;84;
148225998 ;65;2095.0;2713.0;4520.0;739.0;-5145.0;-4157.0;32.0;14.0;-92.0;56;210;
148226002 ;66;2016.0;1432.0;5851.0;-362.0;-2860.0;-5099.0;32.0;14.0;-92.0;15;27;
148226008 ;67;883.0;166.0;5506.0;-908.0;-902.0;-5839.0;3.0;11.0;-101.0;200;146;
148226009 ;68;889.0;-200.0;2878.0;-1041.0;-382.0;-5970.0;3.0;11.0;-101.0;18;164;
148226010 ;69;1773.0;-487.0;1066.0;-1106.0;-1459.0;-5794.0;-5.0;19.0;-103.0;131;105;
148226017 ;70;3461.0;-676.0;361.0;-1135.0;-2089.0;-5468.0;-5.0;19.0;-103.0;82;88;
148226043 ;71;4994.0;-733.0;-760.0;-1033.0;-2054.0;-4835.0;-28.0;24.0;-100.0;174;70;
148226046 ;72;6534.0;-1257.0;-1648.0;-806.0;-2508.0;-4418.0;-28.0;24.0;-100.0;238;172;
148226050 ;73;7639.0;-2541.0;-1329.0;-557.0;-3415.0;-4370.0;-44.0;24.0;-98.0;8;94;
148226059 ;74;7800.0;-4136.0;-79.0;-227.0;-3888.0;-3957.0;-44.0;24.0;-98.0;96;148;
148226068 ;75;7147.0;-5077.0;1147.0;-104.0;-3379.0;-3540.0;-57.0;21.0;-97.0;254;226;
148226077 ;76;6940.0;-5478.0;2835.0;23.0;-3714.0;-3116.0;-57.0;21.0;-97.0;21;251;
148226089 ;77;7361.0;-3799.0;4886.0;-338.0;-4659.0;-2179.0;-73.0;23.0;-93.0;224;158;
148226099 ;78;9147.0;-2260.0;5644.0;-1041.0;-4766.0;-601.0;-73.0;23.0;-93.0;231;255;
148226144 ;79;9845.0;-2928.0;6542.0;-1268.0;-3896.0;774.0;-88.0;18.0;-84.0;107;25;
148226147 ;80;8541.0;-3837.0;5118.0;-1236.0;-2073.0;987.0;-88.0;18.0;-84.0;68;16;
148226148 ;81;5212.0;-5094.0;3071.0;-1284.0;-826.0;710.0;-94.0;28.0;-76.0;235;195;
148226152 ;82;-2216.0;-5542.0;729.0;-554.0;-1161.0;477.0;-94.0;28.0;-76.0;125;205;
148226153 ;83;-2107.0;-4875.0;-1962.0;458.0;-5052.0;2201.0;-96.0;28.0;-72.0;118;10;
148226158 ;84;3117.0;-6582.0;-3800.0;1523.0;-8218.0;4479.0;-96.0;28.0;-72.0;191;143;
148226183 ;85;6690.0;-6311.0;-2921.0;3175.0;-7992.0;4469.0;-99.0;25.0;-65.0;154;134;
148226185 ;86;7154.0;-5652.0;-726.0;4380.0;-5397.0;3548.0;-99.0;25.0;-65.0;231;161;
148226189 ;87;6363.0;-5015.0;1412.0;5313.0;-1876.0;3029.0;-106.0;32.0;-58.0;37;149;
148226198 ;88;5328.0;-4463.0;2521.0;5916.0;1306.0;3274.0;-106.0;32.0;-58.0;105;187;
148226208 ;89;2938.0;-3451.0;3476.0;6528.0;3892.0;3781.0;-104.0;22.0;-70.0;53;177;
148226218 ;90;135.0;-2301.0;5730.0;6139.0;5691.0;3720.0;-104.0;22.0;-70.0;220;4;
148226228 ;91;-1130.0;-1619.0;5773.0;5030.0;6350.0;4094.0;-92.0;20.0;-84.0;109;93;
148226237 ;92;-1980.0;-956.0;6500.0;4175.0;6374.0;4902.0;-92.0;20.0;-84.0;119;135;
148226262 ;93;-5930.0;227.0;9712.0;2825.0;5206.0;4768.0;-68.0;10.0;-100.0;205;167;
148226296 ;94;-10077.0;342.0;7052.0;1504.0;5544.0;3552.0;-68.0;10.0;-100.0;240;80;
148226297 ;95;-10693.0;354.0;759.0;743.0;3797.0;2586.0;-41.0;-1.0;-111.0;74;102;
148226307 ;96;-11393.0;626.0;-8007.0;846.0;-407.0;2807.0;-41.0;-1.0;-111.0;6;174;
148226309 ;97;-19280.0;2808.0;-4123.0;1234.0;-4842.0;1249.0;-32.0;6.0;-116.0;243;21;
148226311 ;98;-13386.0;10325.0;-3355.0;69.0;-8235.0;-2356.0;-32.0;6.0;-116.0;140;64;
148226312 ;99;-5681.0;11959.0;874.0;2104.0;-12349.0;1373.0;-32.0;4.0;-106.0;67;137;
148226321 ;100;1554.0;8851.0;6069.0;-1148.0;-7118.0;1878.0;-32.0;4.0;-106.0;145;195;
148226328 ;101;6073.0;7010.0;9963.0;-6189.0;-7140.0;-546.0;-65.0;3.0;-111.0;211;151;
148226352 ;102;6271.0;412.0;10017.0;-4175.0;62.0;-2435.0;-65.0;3.0;-111.0;174;118;
148226354 ;103;4121.0;1154.0;4077.0;-4922.0;2822.0;-3241.0;-80.0;14.0;-96.0;165;189;
148226358 ;104;4541.0;1084.0;1185.0;-5554.0;3814.0;-2504.0;-80.0;14.0;-96.0;251;239;
148226382 ;105;5186.0;-289.0;-1300.0;-5384.0;4908.0;-2004.0;-85.0;21.0;-93.0;82;198;
148226384 ;106;7623.0;-1915.0;-3041.0;-4899.0;5674.0;-1840.0;-85.0;21.0;-93.0;58;52;
148226393 ;107;9442.0;-2698.0;-4212.0;-4829.0;6413.0;-1277.0;-70.0;34.0;-82.0;61;115;
148226398 ;108;8491.0;-3341.0;-5578.0;-3945.0;6431.0;-1654.0;-70.0;34.0;-82.0;177;181;
148226447 ;109;7944.0;-5322.0;-5088.0;-2548.0;6343.0;-1185.0;-61.0;41.0;-77.0;195;153;
148226448 ;110;4858.0;-8021.0;-6393.0;-1704.0;6192.0;-554.0;-61.0;41.0;-77.0;38;252;
148226462 ;111;1079.0;-11797.0;-5025.0;67.0;5492.0;-900.0;-52.0;38.0;-76.0;195;3;
148226463 ;112;-1922.0;-13764.0;304.0;1212.0;2823.0;-772.0;-52.0;38.0;-76.0;181;241;
148226464 ;113;-3194.0;-9999.0;5380.0;-162.0;-773.0;316.0;-46.0;42.0;-76.0;53;193;
148226470 ;114;-1623.0;-4691.0;4228.0;-916.0;-6148.0;2023.0;-46.0;42.0;-76.0;83;251;
148226472 ;115;3454.0;715.0;7452.0;-795.0;-8435.0;2436.0;-43.0;43.0;-83.0;51;247;
148226479 ;116;7785.0;1318.0;8381.0;-1655.0;-7525.0;3345.0;-43.0;43.0;-83.0;245;209;
148226488 ;117;4504.0;-7256.0;3221.0;-1496.0;-5654.0;5073.0;-60.0;48.0;-74.0;245;85;
148226498 ;118;4697.0;-8196.0;1948.0;-373.0;-3568.0;5032.0;-60.0;48.0;-74.0;119;193;
148226508 ;119;5629.0;-5883.0;2182.0;139.0;-3250.0;5575.0;-54.0;54.0;-64.0;149;15;
148226517 ;120;4697.0;-4765.0;2949.0;871.0;-2228.0;5912.0;-54.0;54.0;-64.0;135;245;
148226539 ;121;2512.0;-4316.0;3492.0;1170.0;-673.0;6246.0;-39.0;57.0;-65.0;127;253;
148226543 ;122;-478.0;-3001.0;3279.0;1518.0;808.0;6519.0;-39.0;57.0;-65.0;87;13;
148226549 ;123;-3186.0;-1061.0;3090.0;1599.0;2268.0;6306.0;-35.0;57.0;-65.0;208;30;
148226557 ;124;-4665.0;538.0;2913.0;1424.0;3047.0;5975.0;-35.0;57.0;-65.0;170;108;
148226597 ;125;-7545.0;1591.0;4010.0;575.0;2973.0;5573.0;-8.0;52.0;-70.0;173;171;
148226599 ;126;-8856.0;1791.0;3788.0;163.0;4570.0;4720.0;-8.0;52.0;-70.0;192;166;
148226603 ;127;-9287.0;2372.0;1524.0;-1130.0;5895.0;3800.0;16.0;48.0;-70.0;17;69;
148226604 ;128;-6097.0;1883.0;-2721.0;-1640.0;5695.0;3489.0;16.0;48.0;-70.0;4;26;
148226608 ;129;-6237.0;2509.0;-6779.0;-1170.0;4320.0;4012.0;36.0;48.0;-62.0;158;164;
148226629 ;130;-12264.0;5594.0;-4961.0;590.0;2985.0;3230.0;36.0;48.0;-62.0;209;137;
148226632 ;131;-20751.0;10607.0;-3136.0;1030.0;175.0;-876.0;59.0;51.0;-53.0;24;122;
148226638 ;132;-13792.0;10559.0;-5079.0;-120.0;-5355.0;-3215.0;59.0;51.0;-53.0;56;160;
148226659 ;133;-6214.0;4546.0;-685.0;1751.0;-8876.0;-1632.0;58.0;48.0;-54.0;77;177;
148226662 ;134;-2515.0;3030.0;-360.0;1680.0;-6106.0;-2902.0;58.0;48.0;-54.0;191;245;
148226682 ;135;726.0;1651.0;759.0;175.0;-4153.0;-5139.0;35.0;43.0;-71.0;62;54;
148226684 ;136;3774.0;-572.0;1584.0;-99.0;-383.0;-5776.0;35.0;43.0;-71.0;239;215;
148226692 ;137;2550.0;-2482.0;1886.0;118.0;1751.0;-5149.0;18.0;48.0;-78.0;111;125;
148226697 ;138;2524.0;-3775.0;2080.0;222.0;2596.0;-4690.0;18.0;48.0;-78.0;141;49;
148226748 ;139;5421.0;-4879.0;2037.0;359.0;2557.0;-3461.0;-5.0;47.0;-71.0;140;0;
148226750 ;140;9256.0;-7032.0;1324.0;569.0;855.0;-1715.0;-5.0;47.0;-71.0;91;89;
148226752 ;141;10762.0;-11156.0;2883.0;304.0;-955.0;-451.0;-4.0;52.0;-70.0;14;78;
148226760 ;142;6975.0;-14772.0;3777.0;-115.0;1305.0;293.0;-4.0;52.0;-70.0;171;253;
148226763 ;143;6515.0;-13944.0;1511.0;236.0;3055.0;1048.0;-6.0;52.0;-70.0;106;12;
148226765 ;144;3555.0;-8781.0;7009.0;503.0;103.0;2372.0;-6.0;52.0;-70.0;72;232;
148226769 ;145;303.0;-4590.0;8808.0;-644.0;99.0;3196.0;1.0;51.0;-79.0;189;205;
148226777 ;146;-1631.0;-1741.0;8009.0;-1405.0;-925.0;3822.0;1.0;51.0;-79.0;166;6;
148226795 ;147;124.0;776.0;6699.0;-1506.0;-1661.0;4618.0;10.0;46.0;-78.0;34;16;
148226798 ;148;-1000.0;-1194.0;6260.0;-2087.0;-2377.0;5293.0;10.0;46.0;-78.0;214;36;
148226817 ;149;-882.0;-2564.0;1813.0;-1005.0;-2265.0;5996.0;20.0;50.0;-70.0;5;241;
148226819 ;150;-764.0;-2391.0;315.0;101.0;-1005.0;6187.0;20.0;50.0;-70.0;82;250;
148226829 ;151;-1093.0;-1768.0;1406.0;940.0;1586.0;6201.0;32.0;48.0;-64.0;82;242;
148226837 ;152;-2439.0;-61.0;1828.0;1265.0;4186.0;5843.0;32.0;48.0;-64.0;117;119;
148226855 ;153;-2616.0;1938.0;2964.0;1098.0;5780.0;5596.0;48.0;44.0;-68.0;184;222;
148226857 ;154;-4184.0;4055.0;2936.0;203.0;6403.0;5510.0;48.0;44.0;-68.0;93;65;
148226898 ;155;-5608.0;5135.0;524.0;-190.0;7260.0;5327.0;72.0;30.0;-60.0;189;29;
148226901 ;156;-9193.0;6713.0;-962.0;-278.0;6904.0;4590.0;72.0;30.0;-60.0;104;248;
148226902 ;157;-13810.0;8811.0;-1938.0;-572.0;5604.0;2522.0;92.0;16.0;-48.0;106;212;
148226907 ;158;-18442.0;7054.0;-5747.0;-507.0;2286.0;1356.0;92.0;16.0;-48.0;25;51;
148226909 ;159;-20852.0;7562.0;-7497.0;194.0;-4391.0;-570.0;105.0;9.0;-31.0;225;229;
148226917 ;160;-16397.0;2535.0;-7886.0;367.0;-10968.0;-2531.0;105.0;9.0;-31.0;81;253;
148226933 ;161;-6586.0;2452.0;-5324.0;2001.0;-13229.0;-2898.0;96.0;14.0;-44.0;141;63;
148226938 ;162;-2254.0;1858.0;-1819.0;1835.0;-12009.0;-3041.0;96.0;14.0;-44.0;137;81;
148226954 ;163;2102.0;1092.0;869.0;782.0;-8962.0;-3317.0;73.0;9.0;-65.0;180;70;
148226957 ;164;5164.0;131.0;5198.0;91.0;-4704.0;-3716.0;73.0;9.0;-65.0;88;244;
148226972 ;165;6466.0;-2380.0;6981.0;-102.0;-1350.0;-4357.0;48.0;14.0;-84.0;83;149;
148226977 ;166;5740.0;-3399.0;7694.0;-263.0;1433.0;-3718.0;48.0;14.0;-84.0;18;208;
148226992 ;167;6347.0;-4501.0;7316.0;-595.0;3180.0;-2414.0;37.0;25.0;-93.0;71;103;
148226997 ;168;7109.0;-7012.0;5793.0;-1127.0;4550.0;-1294.0;37.0;25.0;-93.0;32;78;
148227012 ;169;7250.0;-9204.0;3893.0;-1362.0;5687.0;-539.0;38.0;30.0;-90.0;45;43;
148227049 ;170;5622.0;-10942.0;2667.0;-1413.0;6885.0;1019.0;38.0;30.0;-90.0;198;114;
148227052 ;171;1370.0;-9023.0;108.0;-1629.0;9458.0;2365.0;40.0;30.0;-76.0;46;106;
148227072 ;172;-2074.0;-7425.0;-3913.0;-1408.0;10642.0;2185.0;40.0;30.0;-76.0;250;240;
148227073 ;173;-6035.0;-6162.0;-3211.0;-784.0;8311.0;1549.0;68.0;34.0;-56.0;44;140;
148227073 ;174;-11341.0;-1931.0;3249.0;-1410.0;4308.0;1619.0;68.0;34.0;-56.0;106;144;
148227074 ;175;-15567.0;824.0;3752.0;-2517.0;-1074.0;2562.0;85.0;33.0;-39.0;2;88;
148227077 ;176;-15290.0;2565.0;1880.0;-2828.0;-7830.0;4223.0;85.0;33.0;-39.0;98;254;
148227092 ;177;-10040.0;2385.0;-966.0;-2472.0;-13564.0;4568.0;90.0;28.0;-42.0;92;210;
148227098 ;178;-5568.0;1765.0;-1985.0;-1600.0;-15126.0;4971.0;90.0;28.0;-42.0;88;22;
148227111 ;179;-2980.0;1466.0;-1237.0;-570.0;-13416.0;4856.0;85.0;17.0;-61.0;106;164;
148227117 ;180;-2168.0;2285.0;3322.0;253.0;-9673.0;3679.0;85.0;17.0;-61.0;251;203;
148227129 ;181;-740.0;3055.0;8456.0;122.0;-5324.0;2373.0;67.0;13.0;-83.0;254;70;
148227137 ;182;527.0;3827.0;7154.0;-995.0;-1516.0;1360.0;67.0;13.0;-83.0;119;195;
148227148 ;183;-303.0;2902.0;2640.0;-1309.0;2282.0;622.0;56.0;6.0;-90.0;141;69;
148227163 ;184;-1489.0;1833.0;388.0;-1579.0;5233.0;-435.0;56.0;6.0;-90.0;65;113;
148227168 ;185;-3332.0;739.0;-161.0;-639.0;6603.0;-1172.0;63.0;11.0;-93.0;201;141;
148227201 ;186;-5361.0;-580.0;-363.0;271.0;6381.0;-2016.0;63.0;11.0;-93.0;67;21;
148227204 ;187;-6482.0;-1306.0;-706.0;856.0;5398.0;-2868.0;68.0;20.0;-78.0;227;123;
148227206 ;188;-6823.0;177.0;-1095.0;1252.0;3954.0;-3517.0;68.0;20.0;-78.0;48;232;
148227209 ;189;-6555.0;2346.0;-359.0;1389.0;2430.0;-4154.0;78.0;16.0;-66.0;197;121;
148227217 ;190;-5315.0;3476.0;-230.0;1557.0;1446.0;-4741.0;78.0;16.0;-66.0;19;7;
148227230 ;191;-4286.0;3818.0;-305.0;1652.0;934.0;-5217.0;74.0;22.0;-68.0;167;81;
148227237 ;192;-3595.0;3475.0;-454.0;1544.0;709.0;-5553.0;74.0;22.0;-68.0;209;199;
148227248 ;193;-3278.0;2671.0;-295.0;1479.0;371.0;-5636.0;62.0;32.0;-66.0;160;146;
148227257 ;194;-3003.0;1911.0;207.0;1460.0;-121.0;-5509.0;62.0;32.0;-66.0;49;225;
148227272 ;195;-2627.0;1273.0;1360.0;1244.0;-654.0;-5250.0;52.0;42.0;-66.0;196;148;
148227277 ;196;-2573.0;679.0;2301.0;794.0;-1275.0;-5238.0;52.0;42.0;-66.0;49;97;
148227288 ;197;-2790.0;49.0;2751.0;333.0;-1580.0;-5435.0;37.0;43.0;-67.0;206;134;
148227300 ;198;-2766.0;42.0;3097.0;-200.0;-1507.0;-5594.0;37.0;43.0;-67.0;208;180;
148227308 ;199;-2444.0;545.0;2780.0;-779.0;-1350.0;-5634.0;18.0;48.0;-74.0;231;175;
148227351 ;200;-1696.0;857.0;2366.0;-1383.0;-1020.0;-5659.0;18.0;48.0;-74.0;70;234;
148227353 ;201;-745.0;729.0;1776.0;-1775.0;-484.0;-5619.0;6.0;50.0;-70.0;228;184;
148227357 ;202;185.0;374.0;1310.0;-2008.0;186.0;-5495.0;6.0;50.0;-70.0;133;77;
148227358 ;203;1077.0;-2.0;881.0;-2131.0;1052.0;-5267.0;-16.0;54.0;-70.0;153;27;
148227360 ;204;1520.0;-506.0;625.0;-2176.0;1892.0;-4999.0;-16.0;54.0;-70.0;135;101;
148227372 ;205;1464.0;-1163.0;157.0;-2111.0;2658.0;-4725.0;-29.0;59.0;-61.0;60;106;
148227377 ;206;1739.0;-1717.0;-40.0;-1877.0;3266.0;-4384.0;-29.0;59.0;-61.0;2;52;
148227390 ;207;1691.0;-2014.0;-377.0;-1648.0;3498.0;-4016.0;-37.0;69.0;-59.0;156;238;
148227397 ;208;2104.0;-2621.0;-660.0;-1464.0;3446.0;-3544.0;-37.0;69.0;-59.0;29;37;
148227408 ;209;2898.0;-3385.0;-714.0;-1308.0;3135.0;-2990.0;-44.0;58.0;-58.0;133;255;
148227417 ;210;4125.0;-4301.0;-538.0;-1201.0;2543.0;-2433.0;-44.0;58.0;-58.0;183;193;
148227428 ;211;6477.0;-5647.0;-594.0;-683.0;1804.0;-1751.0;-44.0;60.0;-56.0;69;181;
148227441 ;212;8127.0;-6247.0;-424.0;8.0;1289.0;-962.0;-44.0;60.0;-56.0;216;96;
148227448 ;213;8531.0;-5491.0;517.0;844.0;1360.0;-489.0;-45.0;53.0;-57.0;119;63;
148227459 ;214;7547.0;-4174.0;3999.0;977.0;1742.0;55.0;-45.0;53.0;-57.0;147;91;
148227468 ;215;4915.0;-3369.0;3015.0;109.0;1980.0;1131.0;-53.0;55.0;-59.0;70;180;
148227502 ;216;2333.0;-3641.0;1136.0;184.0;55.0;2511.0;-53.0;55.0;-59.0;224;212;
148227503 ;217;1319.0;-4429.0;1606.0;641.0;-3292.0;4033.0;-43.0;55.0;-59.0;85;113;
148227504 ;218;4212.0;-6432.0;1761.0;1169.0;-5192.0;5674.0;-43.0;55.0;-59.0;124;168;
148227513 ;219;5322.0;-6533.0;2488.0;2034.0;-5048.0;6071.0;-39.0;57.0;-61.0;211;209;
148227518 ;220;5353.0;-6343.0;3337.0;3030.0;-3038.0;5991.0;-39.0;57.0;-61.0;129;137;
148227529 ;221;4388.0;-5757.0;4473.0;3652.0;-778.0;5847.0;-29.0;53.0;-59.0;62;82;
148227537 ;222;2859.0;-4991.0;5453.0;3665.0;1190.0;5773.0;-29.0;53.0;-59.0;148;148;
148227549 ;223;1167.0;-4016.0;5540.0;3319.0;2819.0;5992.0;-16.0;46.0;-66.0;255;131;
148227557 ;224;-1053.0;-3147.0;6059.0;2824.0;3815.0;6177.0;-16.0;46.0;-66.0;109;155;
148227568 ;225;-3799.0;-2744.0;5959.0;2163.0;4850.0;6052.0;3.0;39.0;-79.0;212;188;
148227580 ;226;-7423.0;-2678.0;4154.0;2125.0;5513.0;5695.0;3.0;39.0;-79.0;219;229;
148227588 ;227;-12417.0;-1986.0;3628.0;2150.0;6021.0;4770.0;25.0;29.0;-79.0;111;155;
148227599 ;228;-11445.0;-926.0;5069.0;1199.0;7487.0;3140.0;25.0;29.0;-79.0;175;157;
148227608 ;229;-7111.0;-422.0;2688.0;57.0;7514.0;3060.0;52.0;20.0;-76.0;184;214;
148227617 ;230;-9531.0;-211.0;-3396.0;213.0;5411.0;3335.0;52.0;20.0;-76.0;165;205;
148227652 ;231;-18349.0;2870.0;-6569.0;344.0;1574.0;1487.0;70.0;18.0;-70.0;4;8;
148227655 ;232;-22727.0;6323.0;935.0;-774.0;2793.0;-1910.0;70.0;18.0;-70.0;227;213;
148227655 ;233;-13798.0;7860.0;-2707.0;1077.0;-631.0;-1516.0;82.0;20.0;-62.0;31;241;
148227659 ;234;-12865.0;5337.0;-1256.0;1091.0;-3834.0;-1870.0;82.0;20.0;-62.0;175;29;
148227668 ;235;-9127.0;2157.0;325.0;198.0;-3357.0;-2957.0;76.0;14.0;-58.0;38;78;
148227677 ;236;-7156.0;-536.0;1287.0;-120.0;-2330.0;-3518.0;76.0;14.0;-58.0;173;149;
148227688 ;237;-5081.0;-2424.0;1259.0;-474.0;-1643.0;-3818.0;66.0;20.0;-68.0;97;219;
148227707 ;238;-3583.0;-3339.0;776.0;-760.0;-1569.0;-4062.0;66.0;20.0;-68.0;253;47;
148227708 ;239;-2909.0;-3324.0;539.0;-880.0;-1055.0;-4354.0;55.0;23.0;-69.0;32;126;
148227722 ;240;-2478.0;-2363.0;488.0;-832.0;-543.0;-4715.0;55.0;23.0;-69.0;42;152;
148227748 ;243;-301.0;-1222.0;188.0;-752.0;-233.0;-4381.0;33.0;39.0;-67.0;215;197;
148227812 ;249;1685.0;-3336.0;304.0;30.0;-568.0;-3225.0;-5.0;53.0;-67.0;1;183;
148227817 ;250;1601.0;-3058.0;580.0;137.0;-542.0;-2976.0;-5.0;53.0;-67.0;90;90;
148227837 ;252;1513.0;-2591.0;798.0;147.0;-502.0;-2525.0;-14.0;56.0;-70.0;161;241;
148227848 ;253;1605.0;-2529.0;1044.0;154.0;-346.0;-2205.0;-25.0;53.0;-71.0;10;80;
148227868 ;255;1343.0;-2577.0;1230.0;132.0;179.0;-1607.0;-30.0;48.0;-70.0;214;32;
148227879 ;0;1067.0;-2692.0;1373.0;98.0;398.0;-1351.0;-30.0;48.0;-70.0;154;18;
148227907 ;3;982.0;-2213.0;1606.0;160.0;230.0;-391.0;-38.0;50.0;-74.0;97;143;
148227917 ;4;1675.0;-2264.0;1551.0;95.0;101.0;14.0;-38.0;50.0;-74.0;133;31;
148227955 ;5;2286.0;-2556.0;1725.0;100.0;-97.0;596.0;-40.0;48.0;-70.0;250;128;
148227957 ;7;2977.0;-2833.0;1204.0;182.0;126.0;1701.0;-35.0;53.0;-73.0;30;24;
148227960 ;8;2971.0;-2793.0;1038.0;270.0;439.0;2285.0;-35.0;53.0;-73.0;121;89;
148227968 ;9;2780.0;-2619.0;1040.0;385.0;799.0;2934.0;-34.0;50.0;-66.0;216;98;
148227977 ;10;2472.0;-2407.0;1022.0;491.0;1148.0;3472.0;-34.0;50.0;-66.0;74;78;
148228002 ;12;1798.0;-2047.0;885.0;625.0;2042.0;4292.0;-22.0;50.0;-68.0;210;150;
148228008 ;13;1419.0;-1915.0;726.0;657.0;2591.0;4635.0;-7.0;43.0;-73.0;222;234;
148228019 ;14;972.0;-1768.0;363.0;689.0;3141.0;4997.0;-7.0;43.0;-73.0;249;105;
148228028 ;15;504.0;-1587.0;438.0;773.0;3577.0;5351.0;9.0;41.0;-75.0;158;52;
148228037 ;16;-403.0;-1315.0;1527.0;842.0;3998.0;5659.0;9.0;41.0;-75.0;137;195;
148228049 ;17;-1367.0;-694.0;1814.0;622.0;4256.0;5892.0;22.0;38.0;-68.0;116;114;
148228057 ;18;-3150.0;-219.0;1896.0;244.0;4143.0;5877.0;22.0;38.0;-68.0;169;151;
148228070 ;19;-6077.0;-201.0;1512.0;138.0;4448.0;5579.0;48.0;28.0;-72.0;105;249;
148228104 ;20;-10278.0;-78.0;1230.0;303.0;4927.0;4768.0;48.0;28.0;-72.0;169;111;
148228106 ;21;-14160.0;277.0;1153.0;-177.0;5229.0;3370.0;70.0;22.0;-62.0;117;85;
148228112 ;22;-14828.0;-380.0;325.0;-885.0;4704.0;2560.0;70.0;22.0;-62.0;2;178;
148228113 ;23;-11773.0;-2539.0;-1516.0;-888.0;2855.0;3060.0;81.0;13.0;-53.0;12;46;
148228117 ;24;-9943.0;-3080.0;-2557.0;-227.0;317.0;3016.0;81.0;13.0;-53.0;125;73;
148228128 ;25;-10656.0;-1111.0;-4678.0;796.0;-2300.0;2056.0;89.0;11.0;-45.0;36;18;
148228141 ;26;-12235.0;2722.0;-2964.0;1163.0;-3948.0;440.0;89.0;11.0;-45.0;87;201;
148228148 ;27;-7463.0;4145.0;-455.0;832.0;-3684.0;-21.0;91.0;3.0;-51.0;92;188;
148228159 ;28;-5547.0;1292.0;-450.0;1312.0;-3842.0;-147.0;91.0;3.0;-51.0;123;147;
148228177 ;30;-4155.0;-800.0;2268.0;508.0;1529.0;-1403.0;87.0;-1.0;-59.0;79;197;
148228189 ;31;-4677.0;-1338.0;1380.0;-104.0;3291.0;-1425.0;91.0;-1.0;-63.0;26;126;
148228197 ;32;-6179.0;-1990.0;483.0;-370.0;3605.0;-1726.0;91.0;-1.0;-63.0;39;165;
148228211 ;33;-6144.0;-2324.0;146.0;-564.0;2939.0;-1888.0;83.0;3.0;-57.0;170;26;
148228256 ;35;-3300.0;-2822.0;-1023.0;-666.0;350.0;-1982.0;88.0;14.0;-52.0;116;14;
148228257 ;36;-2050.0;-3297.0;-839.0;-755.0;-800.0;-1911.0;88.0;14.0;-52.0;162;86;
148228258 ;37;-359.0;-3900.0;-166.0;-871.0;-1663.0;-1559.0;82.0;20.0;-48.0;25;157;
148228267 ;38;1284.0;-4422.0;384.0;-1038.0;-2747.0;-991.0;82.0;20.0;-48.0;251;213;
148228282 ;40;4243.0;-6151.0;1399.0;-1330.0;-4151.0;-87.0;75.0;23.0;-53.0;165;193;
148228288 ;41;6150.0;-6777.0;2030.0;-1240.0;-4211.0;534.0;75.0;23.0;-57.0;177;87;
148228299 ;42;6902.0;-7137.0;3929.0;-757.0;-3724.0;1277.0;75.0;23.0;-57.0;101;175;
148228317 ;44;4214.0;-2074.0;4812.0;-808.0;159.0;2040.0;66.0;20.0;-62.0;32;128;
148228329 ;45;1094.0;-312.0;3482.0;-832.0;1029.0;2254.0;62.0;24.0;-62.0;192;4;
148228338 ;46;-1523.0;-2709.0;1272.0;-266.0;601.0;2617.0;62.0;24.0;-62.0;100;234;
148228351 ;47;-2426.0;-3210.0;1091.0;317.0;-617.0;3231.0;70.0;18.0;-68.0;21;101;
148228368 ;49;-816.0;-1811.0;481.0;869.0;-2191.0;4573.0;76.0;14.0;-58.0;203;149;
148228408 ;51;-5650.0;-2542.0;2444.0;1596.0;1251.0;3861.0;83.0;3.0;-71.0;44;174;
148228413 ;51;-17612.0;978.0;-19203.0;32519.0;-21751.0;-21746.0;21257.0;0.0;-18176.0;255;146;
148228414 ;53;-20136.0;1757.0;4892.0;1086.0;5646.0;146.0;86.0;-10.0;-68.0;120;142;
148228422 ;54;-20697.0;1079.0;1048.0;-1536.0;5618.0;-754.0;86.0;-10.0;-68.0;159;73;
148228428 ;55;-19411.0;-2671.0;-4037.0;67.0;2449.0;2230.0;96.0;-10.0;-54.0;172;18;
148228440 ;56;-15846.0;1384.0;-8005.0;830.0;-5854.0;2565.0;96.0;-10.0;-54.0;191;89;
148228457 ;58;-5907.0;6573.0;-4556.0;1686.0;-9840.0;-542.0;103.0;-15.0;-55.0;36;226;
148228468 ;59;-689.0;4571.0;2083.0;1521.0;-8452.0;-2368.0;93.0;-23.0;-67.0;79;171;
148228477 ;60;4864.0;1880.0;9536.0;1170.0;-1515.0;-3102.0;93.0;-23.0;-67.0;184;94;
148228491 ;60;9021.0;18426.0;-17915.0;4892.0;-1276.0;-3049.0;16880.0;-5376.0;-22529.0;255;27;
148228497 ;62;-7292.0;3418.0;4352.0;666.0;8209.0;-5384.0;65.0;-21.0;-89.0;199;131;
148228508 ;63;-6852.0;-371.0;3473.0;-197.0;6359.0;-4812.0;76.0;-14.0;-84.0;229;227;
148228517 ;64;-5910.0;-1985.0;2225.0;105.0;4501.0;-4166.0;76.0;-14.0;-84.0;204;188;
148228557 ;65;-2730.0;-2819.0;1241.0;61.0;2928.0;-4507.0;84.0;-6.0;-68.0;151;195;
148228559 ;66;-886.0;-3692.0;1081.0;-225.0;2837.0;-4406.0;84.0;-6.0;-68.0;178;142;
148228564 ;68;-1929.0;-4024.0;1708.0;-33.0;2203.0;-5126.0;81.0;5.0;-65.0;65;69;
148228569 ;69;-1991.0;-4012.0;1522.0;125.0;1387.0;-5176.0;75.0;23.0;-59.0;161;171;
148228578 ;70;-1540.0;-3998.0;1470.0;361.0;528.0;-4841.0;75.0;23.0;-59.0;32;166;
148228591 ;71;-978.0;-3810.0;571.0;478.0;-775.0;-4477.0;67.0;31.0;-59.0;82;184;
148228608 ;73;-352.0;-4039.0;901.0;153.0;-4155.0;-4257.0;59.0;33.0;-59.0;125;81;
148228617 ;74;779.0;-4024.0;480.0;-36.0;-5444.0;-4418.0;59.0;33.0;-59.0;232;52;
148228631 ;75;3102.0;-3858.0;670.0;-96.0;-6511.0;-3998.0;46.0;44.0;-62.0;160;116;
148228637 ;76;5284.0;-3853.0;1370.0;-181.0;-7439.0;-2901.0;46.0;44.0;-62.0;71;77;
148228657 ;78;7078.0;-4321.0;4103.0;-317.0;-5308.0;-971.0;22.0;44.0;-72.0;120;24;
148228668 ;79;5946.0;-3678.0;3020.0;-62.0;-2033.0;-501.0;0.0;42.0;-74.0;228;128;
148228708 ;80;3549.0;-2703.0;3585.0;-13.0;83.0;-467.0;0.0;42.0;-74.0;40;206;
148228709 ;81;1255.0;-5524.0;3094.0;-55.0;685.0;23.0;-7.0;47.0;-77.0;69;239;
148228714 ;83;-4124.0;-6291.0;2598.0;904.0;-2136.0;1342.0;-8.0;46.0;-76.0;25;89;
148228719 ;84;-3281.0;-5857.0;2229.0;912.0;-4032.0;2034.0;-8.0;46.0;-76.0;249;93;
148228728 ;85;-2231.0;-6141.0;2221.0;1155.0;-5031.0;2224.0;-6.0;42.0;-76.0;185;97;
148228738 ;86;-1228.0;-6611.0;2446.0;1568.0;-4685.0;2061.0;-6.0;42.0;-76.0;10;230;
148228757 ;88;-1818.0;-6268.0;4811.0;2722.0;-1120.0;1707.0;-9.0;41.0;-83.0;107;251;
148228771 ;89;-3773.0;-5139.0;5487.0;3070.0;1305.0;1506.0;-15.0;37.0;-85.0;224;204;
148228777 ;90;-7346.0;-3642.0;5620.0;3103.0;3585.0;1047.0;-15.0;37.0;-85.0;137;123;
148228788 ;91;-10413.0;-2582.0;3832.0;2531.0;5256.0;189.0;-4.0;26.0;-90.0;147;151;
148228808 ;93;-9410.0;-3011.0;2794.0;463.0;4800.0;-333.0;4.0;26.0;-100.0;209;151;
148228816 ;94;-6898.0;-3413.0;812.0;123.0;4335.0;426.0;4.0;26.0;-100.0;37;187;
148228858 ;95;-6298.0;-3114.0;-3051.0;494.0;1980.0;726.0;11.0;25.0;-93.0;248;254;
148228862 ;97;-12779.0;1613.0;-7637.0;1178.0;-4546.0;-2379.0;22.0;22.0;-90.0;20;70;
148228868 ;99;-6679.0;5523.0;-3285.0;746.0;-8332.0;-4324.0;5.0;21.0;-99.0;33;217;
148228877 ;100;-3216.0;5292.0;-137.0;548.0;-7904.0;-3140.0;5.0;21.0;-99.0;179;39;
148228897 ;102;2633.0;2729.0;795.0;-1590.0;-3877.0;-3450.0;-20.0;24.0;-100.0;88;176;
148228911 ;103;4490.0;1094.0;609.0;-1738.0;-2518.0;-3417.0;-47.0;19.0;-103.0;60;234;
148228917 ;104;4378.0;91.0;20.0;-1734.0;-1823.0;-3549.0;-47.0;19.0;-103.0;200;86;
148228932 ;105;4152.0;-8.0;-47.0;-1639.0;-700.0;-3697.0;-58.0;26.0;-96.0;115;153;
148228948 ;107;3065.0;-1048.0;-1011.0;-1127.0;1041.0;-3164.0;-70.0;24.0;-96.0;53;115;
148228997 ;111;-2500.0;309.0;2007.0;-2160.0;-749.0;-4776.0;-79.0;21.0;-91.0;36;86;
148229001 ;10;30832.0;20473.0;30978.0;12039.0;6903.0;23545.0;-19985.0;5631.0;-23296.0;255;147;
148229008 ;113;-342.0;570.0;1043.0;-2315.0;-2430.0;-3996.0;-94.0;20.0;-84.0;173;217;
148229017 ;114;1358.0;-817.0;301.0;-2426.0;-2695.0;-4017.0;-94.0;20.0;-84.0;113;85;
148229029 ;115;2866.0;-2890.0;-620.0;-1997.0;-2336.0;-3937.0;-103.0;23.0;-75.0;8;194;
148229038 ;10;-28044.0;-18670.0;-8465.0;-17413.0;13050.0;32763.0;-26127.0;6143.0;-19200.0;255;107;
148229052 ;117;6774.0;-3678.0;-1340.0;-586.0;230.0;-3169.0;-120.0;12.0;-72.0;245;163;
148229071 ;119;7877.0;-3329.0;1926.0;594.0;1219.0;-2160.0;-124.0;6.0;-72.0;228;192;
148229077 ;120;7692.0;-3753.0;3698.0;753.0;248.0;-1681.0;-124.0;6.0;-72.0;39;61;
148229088 ;121;7909.0;-4060.0;4141.0;417.0;-2629.0;-573.0;-127.0;1.0;-67.0;70;172;
148229097 ;122;8672.0;-3128.0;2466.0;300.0;-4569.0;668.0;-127.0;1.0;-67.0;40;70;
148229108 ;123;9823.0;-4102.0;2174.0;111.0;-6831.0;1954.0;-135.0;1.0;-71.0;24;244;
148229146 ;125;9290.0;-5211.0;-1044.0;1284.0;-6843.0;3374.0;-133.0;5.0;-53.0;67;87;
148229147 ;126;9060.0;-5432.0;-592.0;1977.0;-5664.0;3913.0;-133.0;5.0;-53.0;184;56;
148229150 ;127;8522.0;-5279.0;466.0;2550.0;-3751.0;4089.0;-141.0;5.0;-39.0;211;105;
148229157 ;128;7542.0;-4753.0;1663.0;2884.0;-1587.0;4036.0;-141.0;5.0;-39.0;85;37;
148229168 ;129;6045.0;-4130.0;2919.0;2908.0;751.0;3973.0;-138.0;16.0;-32.0;238;202;
148229177 ;130;4127.0;-3582.0;3466.0;2721.0;3027.0;4045.0;-138.0;16.0;-32.0;47;231;
148229192 ;131;2206.0;-3168.0;4237.0;2283.0;4673.0;3935.0;-134.0;22.0;-44.0;153;169;
148229198 ;132;-652.0;-2964.0;4505.0;1753.0;6107.0;3655.0;-134.0;22.0;-44.0;177;213;
148229209 ;133;-4135.0;-2833.0;3607.0;1400.0;8283.0;3068.0;-119.0;29.0;-53.0;237;53;
148229217 ;134;-7671.0;-2437.0;840.0;1243.0;9339.0;2015.0;-119.0;29.0;-53.0;42;134;
148229228 ;135;-11374.0;-1392.0;967.0;985.0;9594.0;-128.0;-99.0;31.0;-71.0;215;131;
148229237 ;136;-4415.0;-1483.0;456.0;-626.0;10442.0;-86.0;-99.0;31.0;-71.0;242;116;
148229248 ;137;-3401.0;-2422.0;-7618.0;-101.0;7107.0;1393.0;-79.0;31.0;-85.0;99;139;
148229261 ;138;-11861.0;-627.0;-7910.0;873.0;3474.0;-163.0;-79.0;31.0;-85.0;149;3;
148229294 ;139;-11095.0;6818.0;8344.0;235.0;2796.0;-2582.0;-57.0;33.0;-89.0;243;143;
148229297 ;141;-8483.0;-507.0;467.0;625.0;-3262.0;-2531.0;-52.0;32.0;-92.0;146;236;
148229301 ;142;-6038.0;-1524.0;472.0;74.0;-4610.0;-3631.0;-52.0;32.0;-92.0;110;56;
148229308 ;143;-3290.0;-1871.0;-118.0;-593.0;-5162.0;-4304.0;-63.0;29.0;-91.0;17;133;
148229317 ;144;-634.0;-1594.0;-105.0;-752.0;-5237.0;-4358.0;-63.0;29.0;-91.0;126;118;
148229337 ;146;3183.0;-128.0;93.0;-913.0;-5160.0;-4383.0;-89.0;27.0;-85.0;123;65;
148229348 ;147;4768.0;-834.0;356.0;-861.0;-5367.0;-4012.0;-104.0;24.0;-78.0;197;7;
148229357 ;148;6139.0;-1943.0;201.0;-662.0;-5447.0;-3429.0;-104.0;24.0;-78.0;241;149;
148229369 ;149;9215.0;-3194.0;-438.0;-434.0;-5569.0;-2506.0;-122.0;14.0;-64.0;149;79;
148229388 ;151;13670.0;-4127.0;1483.0;-412.0;-3937.0;-260.0;-138.0;14.0;-50.0;55;111;
148229400 ;152;13256.0;-3170.0;-227.0;-185.0;-925.0;31.0;-138.0;14.0;-50.0;126;72;
148229408 ;153;11307.0;-3555.0;-645.0;236.0;123.0;1010.0;-141.0;5.0;-49.0;66;2;
148229446 ;154;9742.0;-3948.0;-342.0;976.0;-113.0;2538.0;-141.0;5.0;-49.0;189;81;
148229447 ;29;27427.0;-3854.0;2815.0;2053.0;24319.0;28943.0;2047.0;-11008.0;8191.0;32;189;
148229457 ;157;6844.0;-2980.0;1896.0;1964.0;1413.0;4878.0;-134.0;10.0;-44.0;16;68;
148229459 ;158;5330.0;-2684.0;2536.0;2058.0;2760.0;5110.0;-134.0;10.0;-44.0;91;99;
148229473 ;159;3362.0;-2387.0;3251.0;1907.0;3824.0;5345.0;-129.0;25.0;-49.0;44;168;
148229490 ;161;-65.0;-2534.0;3591.0;1184.0;4927.0;5188.0;-111.0;23.0;-61.0;101;179;
148229497 ;162;-1318.0;-2740.0;1981.0;861.0;5394.0;5080.0;-111.0;23.0;-61.0;128;124;
148229508 ;163;-1703.0;-2650.0;2745.0;618.0;5165.0;4993.0;-86.0;32.0;-74.0;60;54;
148229517 ;164;-3521.0;-3101.0;3699.0;428.0;5148.0;4569.0;-86.0;32.0;-74.0;155;127;
148229528 ;165;-4976.0;-3072.0;2232.0;229.0;5826.0;4119.0;-62.0;36.0;-74.0;125;209;
148229541 ;166;-4880.0;-2662.0;1793.0;369.0;7177.0;3671.0;-62.0;36.0;-74.0;217;149;
148229548 ;167;-4541.0;-2580.0;-2282.0;334.0;7270.0;2988.0;-39.0;43.0;-81.0;41;23;
148229559 ;168;-7570.0;-2230.0;-5277.0;863.0;6552.0;1732.0;-39.0;43.0;-81.0;63;121;
148229597 ;169;-10570.0;34.0;-4175.0;868.0;7245.0;73.0;-15.0;45.0;-87.0;255;149;
148229598 ;170;-9625.0;4070.0;-1242.0;618.0;8014.0;253.0;-15.0;45.0;-87.0;198;184;
148229600 ;171;-12597.0;2729.0;-1443.0;332.0;5616.0;522.0;4.0;40.0;-88.0;169;91;
148229602 ;172;-12357.0;-793.0;-1980.0;470.0;1081.0;-1002.0;4.0;40.0;-88.0;120;46;
148229617 ;174;-6526.0;-2028.0;-1936.0;523.0;-4858.0;-2862.0;18.0;42.0;-84.0;97;43;
148229631 ;175;-3920.0;-1833.0;-1360.0;396.0;-5330.0;-3448.0;6.0;40.0;-86.0;233;233;
148229637 ;176;-1613.0;-2320.0;-1164.0;339.0;-5081.0;-3861.0;6.0;40.0;-86.0;244;160;
148229648 ;177;-179.0;-2568.0;-879.0;462.0;-4338.0;-4048.0;-13.0;47.0;-87.0;86;210;
148229657 ;178;667.0;-2543.0;-540.0;599.0;-3619.0;-4161.0;-13.0;47.0;-87.0;255;163;
148229668 ;179;1321.0;-2284.0;-653.0;787.0;-3172.0;-4091.0;-38.0;38.0;-88.0;198;6;
148229681 ;180;1656.0;-2090.0;-875.0;981.0;-3041.0;-3903.0;-38.0;38.0;-88.0;252;240;
148229688 ;181;2271.0;-2254.0;-819.0;1148.0;-3176.0;-3670.0;-51.0;33.0;-83.0;247;181;
148229702 ;182;3230.0;-2685.0;-158.0;1265.0;-3605.0;-3401.0;-51.0;33.0;-83.0;118;14;
148229714 ;183;4302.0;-2958.0;773.0;1409.0;-4001.0;-3047.0;-68.0;26.0;-90.0;137;5;
148229747 ;184;5474.0;-2961.0;2113.0;1368.0;-4336.0;-2797.0;-68.0;26.0;-90.0;227;115;
148229753 ;185;7027.0;-3412.0;3083.0;1104.0;-5078.0;-2503.0;-86.0;22.0;-88.0;37;235;
148229755 ;186;8339.0;-3271.0;3094.0;1069.0;-4732.0;-1915.0;-86.0;22.0;-88.0;106;218;
148229759 ;187;9569.0;-2292.0;3755.0;708.0;-4242.0;-1357.0;-98.0;16.0;-80.0;83;187;
148229760 ;188;9870.0;-2324.0;4701.0;208.0;-3841.0;-779.0;-98.0;16.0;-80.0;247;131;
148229769 ;189;8392.0;-2605.0;3883.0;159.0;-3072.0;-14.0;-111.0;9.0;-77.0;160;48;
148229777 ;190;6487.0;-2357.0;2216.0;313.0;-3136.0;621.0;-111.0;9.0;-77.0;112;8;
148229788 ;191;5365.0;-1902.0;455.0;767.0;-4008.0;1869.0;-117.0;7.0;-71.0;42;242;
148229797 ;192;5743.0;-2623.0;253.0;1272.0;-5254.0;3349.0;-117.0;7.0;-71.0;238;26;
148229808 ;193;7014.0;-3090.0;961.0;1865.0;-4923.0;4516.0;-124.0;16.0;-60.0;29;203;
148229822 ;194;7757.0;-2749.0;2202.0;2384.0;-3162.0;4788.0;-124.0;16.0;-60.0;63;101;
148229828 ;195;7119.0;-2298.0;3568.0;2599.0;-733.0;4669.0;-121.0;13.0;-53.0;206;172;
148229839 ;196;5688.0;-2037.0;4354.0;2438.0;2042.0;4572.0;-121.0;13.0;-53.0;44;222;
148229848 ;197;3700.0;-1846.0;4654.0;2027.0;4356.0;4633.0;-122.0;24.0;-62.0;3;53;
148229857 ;198;1276.0;-1721.0;4631.0;1468.0;5894.0;4680.0;-122.0;24.0;-62.0;239;1;
148229898 ;199;-923.0;-1694.0;4505.0;1038.0;7322.0;4564.0;-98.0;22.0;-64.0;118;102;
148229901 ;200;-3325.0;-1718.0;3935.0;754.0;9170.0;4279.0;-98.0;22.0;-64.0;187;31;
148229902 ;201;-6852.0;-1392.0;2666.0;488.0;10065.0;3516.0;-72.0;32.0;-82.0;192;40;
148229913 ;202;-7868.0;-972.0;1751.0;-144.0;10196.0;1727.0;-72.0;32.0;-82.0;217;175;
148229914 ;203;-4084.0;-1018.0;-1373.0;-1152.0;11217.0;1322.0;-44.0;32.0;-94.0;202;70;
148229919 ;204;-7465.0;-1744.0;-9392.0;-686.0;7885.0;1178.0;-44.0;32.0;-94.0;111;37;
148229928 ;205;-14622.0;751.0;-7868.0;-130.0;3877.0;-491.0;-17.0;43.0;-91.0;54;170;
148229937 ;206;-12108.0;2946.0;1071.0;-1449.0;4673.0;-1136.0;-17.0;43.0;-91.0;40;214;
148229948 ;207;-13150.0;1529.0;-625.0;288.0;1081.0;-447.0;-6.0;34.0;-82.0;86;208;
148229960 ;208;-10077.0;-789.0;-432.0;-306.0;-1972.0;-2071.0;-6.0;34.0;-82.0;98;212;
148229968 ;209;-7275.0;-2849.0;-291.0;-559.0;-3631.0;-2787.0;-2.0;40.0;-90.0;141;17;
148229979 ;210;-4251.0;-3847.0;-319.0;-841.0;-4411.0;-3298.0;-2.0;40.0;-90.0;57;185;
148229988 ;211;-1043.0;-4073.0;-480.0;-905.0;-4857.0;-3406.0;-20.0;42.0;-82.0;215;159;
148229997 ;212;883.0;-3541.0;-282.0;-843.0;-4705.0;-3334.0;-20.0;42.0;-82.0;96;20;
148230009 ;213;3029.0;-2983.0;106.0;-887.0;-4071.0;-3204.0;-42.0;42.0;-82.0;63;167;
148230049 ;214;5593.0;-2674.0;488.0;-1006.0;-3959.0;-2762.0;-42.0;42.0;-82.0;184;164;
148230050 ;215;8168.0;-3650.0;1418.0;-991.0;-5137.0;-1857.0;-55.0;37.0;-77.0;147;11;
148230052 ;216;10699.0;-5373.0;2819.0;-722.0;-5915.0;-774.0;-55.0;37.0;-77.0;127;119;
148230057 ;218;11466.0;-4946.0;3015.0;-834.0;-3199.0;678.0;-62.0;44.0;-70.0;226;88;
148230068 ;219;7876.0;-3104.0;1452.0;-653.0;-913.0;844.0;-79.0;43.0;-67.0;44;228;
148230077 ;220;4063.0;-4041.0;-304.0;-20.0;-503.0;1860.0;-79.0;43.0;-67.0;189;79;
148230088 ;221;3945.0;-5499.0;-73.0;532.0;-1604.0;3820.0;-81.0;47.0;-61.0;8;68;
148230104 ;222;5605.0;-4992.0;382.0;1132.0;-2539.0;5168.0;-81.0;47.0;-61.0;75;251;
148230109 ;223;6041.0;-4421.0;2208.0;1764.0;-1491.0;5324.0;-71.0;45.0;-61.0;162;60;
148230118 ;224;5275.0;-4120.0;3499.0;2052.0;565.0;5139.0;-71.0;45.0;-61.0;89;143;
148230128 ;225;3237.0;-3483.0;4089.0;1842.0;2764.0;5140.0;-63.0;53.0;-61.0;9;199;
148230137 ;226;1007.0;-2634.0;3941.0;1471.0;4492.0;5174.0;-63.0;53.0;-61.0;127;63;
148230148 ;227;-2263.0;-2306.0;4345.0;835.0;5745.0;4999.0;-40.0;44.0;-62.0;85;115;
148230157 ;228;-5216.0;-2373.0;3125.0;506.0;7530.0;4455.0;-40.0;44.0;-62.0;73;61;
148230199 ;229;-9680.0;-2531.0;1185.0;349.0;7579.0;3513.0;-19.0;47.0;-73.0;126;112;
148230202 ;230;-14838.0;-2345.0;1142.0;122.0;7149.0;1623.0;-19.0;47.0;-73.0;215;251;
148230209 ;232;-12684.0;-3378.0;-265.0;-2180.0;5396.0;1112.0;6.0;44.0;-74.0;232;248;
148230210 ;233;-12309.0;-2813.0;-5793.0;-1295.0;1052.0;1925.0;20.0;46.0;-66.0;163;77;
148230217 ;234;-14607.0;-1775.0;-10429.0;544.0;-5071.0;554.0;20.0;46.0;-66.0;89;39;
148230228 ;235;-13396.0;2221.0;-5109.0;787.0;-8170.0;-2457.0;32.0;52.0;-60.0;184;188;
148230240 ;236;-5582.0;4105.0;-2747.0;390.0;-9041.0;-1627.0;32.0;52.0;-60.0;76;48;
148230248 ;237;-701.0;-427.0;-1854.0;1149.0;-7349.0;-525.0;11.0;57.0;-63.0;7;59;
148230267 ;238;3857.0;-1893.0;1030.0;1014.0;-5025.0;-1863.0;11.0;57.0;-63.0;206;176;
148230268 ;239;6693.0;-1061.0;4327.0;834.0;-400.0;-2485.0;-6.0;50.0;-70.0;253;45;
148230278 ;240;4964.0;-1491.0;4177.0;718.0;4276.0;-2356.0;-6.0;50.0;-70.0;83;27;
148230288 ;241;1022.0;-1357.0;2818.0;412.0;6715.0;-2880.0;-19.0;49.0;-73.0;79;133;
148230297 ;242;-193.0;-1831.0;1184.0;-18.0;6862.0;-2518.0;-19.0;49.0;-73.0;151;239;
148230311 ;243;-1197.0;-2601.0;353.0;-421.0;5359.0;-2037.0;-8.0;46.0;-74.0;210;254;
148230317 ;244;-1131.0;-3447.0;-618.0;-601.0;3125.0;-1673.0;-8.0;46.0;-74.0;235;45;
148230351 ;245;-317.0;-3629.0;-1561.0;-487.0;1234.0;-1414.0;-3.0;51.0;-73.0;202;22;
148230352 ;246;1179.0;-3721.0;-1743.0;-311.0;-362.0;-1145.0;-3.0;51.0;-73.0;19;87;
148230354 ;247;3001.0;-4334.0;-1744.0;-136.0;-1651.0;-534.0;-2.0;46.0;-70.0;215;213;
148230357 ;248;4942.0;-4921.0;-508.0;-79.0;-2548.0;409.0;-2.0;46.0;-70.0;104;24;
148230380 ;250;7307.0;-5621.0;3187.0;-228.0;-3483.0;2143.0;-9.0;49.0;-71.0;247;133;
148230388 ;251;7163.0;-5993.0;4754.0;-287.0;-2181.0;2624.0;-17.0;45.0;-69.0;206;110;
148230399 ;252;5394.0;-4796.0;5113.0;-159.0;-252.0;3131.0;-17.0;45.0;-69.0;9;185;
148230408 ;253;3295.0;-2524.0;3887.0;-396.0;629.0;3138.0;-9.0;49.0;-69.0;130;56;
148230417 ;254;1108.0;-539.0;4884.0;-639.0;1846.0;2984.0;-9.0;49.0;-69.0;216;8;
148230429 ;255;-118.0;656.0;3936.0;-1102.0;2268.0;3347.0;-6.0;58.0;-72.0;78;166;
148230437 ;0;-2579.0;-560.0;2725.0;-1178.0;1813.0;3886.0;-6.0;58.0;-72.0;44;102;
148230451 ;1;-4365.0;-2185.0;1658.0;-811.0;984.0;4740.0;17.0;47.0;-67.0;56;210;
148230457 ;2;-3231.0;-1781.0;982.0;-810.0;165.0;5369.0;17.0;47.0;-67.0;221;131;
148230468 ;3;-2798.0;-1502.0;1109.0;-633.0;371.0;5164.0;20.0;44.0;-66.0;222;14;
148230501 ;4;-3559.0;-2078.0;1683.0;-336.0;1734.0;4597.0;20.0;44.0;-66.0;40;86;
148230506 ;5;-6961.0;-2359.0;1223.0;395.0;3322.0;3961.0;42.0;44.0;-58.0;161;205;
148230507 ;6;-12277.0;-856.0;1295.0;631.0;5109.0;2512.0;42.0;44.0;-58.0;56;220;
148230508 ;7;-14968.0;-369.0;2585.0;201.0;7464.0;871.0;52.0;38.0;-56.0;199;191;
148230522 ;8;-9918.0;-299.0;1305.0;-1084.0;6928.0;1299.0;52.0;38.0;-56.0;97;137;
148230528 ;9;-4212.0;-2107.0;-3907.0;-678.0;5071.0;4113.0;65.0;35.0;-49.0;163;23;
148230540 ;10;-8728.0;-882.0;-13036.0;1674.0;1154.0;3537.0;65.0;35.0;-49.0;138;58;
148230548 ;11;-9231.0;4163.0;-4462.0;2327.0;-487.0;-20.0;84.0;30.0;-40.0;63;163;
148230557 ;12;-8427.0;3577.0;-2550.0;1983.0;-67.0;-380.0;84.0;30.0;-40.0;125;9;
148230569 ;13;-11743.0;1754.0;-2969.0;3023.0;-1180.0;-1077.0;87.0;21.0;-37.0;170;150;
148230577 ;14;-11388.0;-745.0;1232.0;2147.0;-1900.0;-1657.0;87.0;21.0;-37.0;52;82;
148230591 ;15;-9191.0;-4101.0;3063.0;1333.0;-2647.0;-1227.0;78.0;20.0;-48.0;83;223;
148230597 ;16;-6899.0;-6072.0;3203.0;698.0;-4360.0;-1628.0;78.0;20.0;-48.0;91;123;
148230610 ;17;-3677.0;-5973.0;2323.0;316.0;-4853.0;-2266.0;73.0;21.0;-49.0;252;86;
148230617 ;18;-1689.0;-4272.0;2543.0;158.0;-4351.0;-2562.0;73.0;21.0;-49.0;128;232;
148230653 ;20;2610.0;-2544.0;1859.0;-748.0;-2988.0;-2059.0;52.0;22.0;-62.0;26;240;
148230654 ;21;4847.0;-3362.0;803.0;-818.0;-2008.0;-950.0;43.0;27.0;-67.0;104;232;
148230662 ;22;6661.0;-4551.0;1333.0;-530.0;-546.0;34.0;43.0;27.0;-67.0;170;164;
148230688 ;25;4293.0;-2706.0;2751.0;-461.0;2234.0;1051.0;39.0;37.0;-69.0;92;238;
148230697 ;26;2363.0;-2402.0;1896.0;-684.0;1472.0;1520.0;39.0;37.0;-69.0;156;218;
148230709 ;27;889.0;-2224.0;1492.0;-527.0;354.0;2193.0;50.0;34.0;-68.0;218;152;
148230717 ;28;888.0;-2213.0;872.0;-280.0;-516.0;3240.0;50.0;34.0;-68.0;32;106;
148230737 ;30;878.0;-1828.0;897.0;329.0;-139.0;4605.0;51.0;29.0;-65.0;235;191;
148230748 ;31;584.0;-1799.0;1203.0;450.0;808.0;4800.0;62.0;26.0;-64.0;18;232;
148230757 ;32;-528.0;-1555.0;1537.0;577.0;1907.0;4894.0;62.0;26.0;-64.0;41;53;
148230768 ;33;-2478.0;-1004.0;1494.0;680.0;3133.0;4738.0;68.0;16.0;-66.0;22;138;
148230804 ;34;-5965.0;-30.0;1473.0;773.0;4526.0;4149.0;68.0;16.0;-66.0;171;3;
148230806 ;35;-11639.0;1023.0;901.0;724.0;5854.0;2898.0;84.0;4.0;-60.0;116;4;
148230812 ;36;-17936.0;2750.0;2729.0;-578.0;6983.0;807.0;84.0;4.0;-60.0;212;0;
148230813 ;37;-15161.0;2694.0;1630.0;-2389.0;7356.0;427.0;97.0;-3.0;-45.0;34;192;
148230821 ;38;-10442.0;612.0;-3223.0;-1088.0;4349.0;3098.0;97.0;-3.0;-45.0;60;158;
148230837 ;40;-12954.0;6613.0;-7676.0;1661.0;-4321.0;158.0;106.0;0.0;-32.0;209;227;
148230849 ;41;-6141.0;7489.0;-2543.0;648.0;-3719.0;-729.0;108.0;-14.0;-28.0;251;241;
148230857 ;42;-4016.0;3018.0;-279.0;1925.0;-3526.0;-647.0;108.0;-14.0;-28.0;190;194;
148230874 ;43;-2961.0;1855.0;152.0;2099.0;-2405.0;-1634.0;105.0;-13.0;-41.0;42;70;
148230878 ;44;-2448.0;1105.0;847.0;1507.0;-313.0;-1727.0;105.0;-13.0;-41.0;123;179;
148230889 ;45;-2796.0;-402.0;1886.0;448.0;1135.0;-1263.0;96.0;-10.0;-46.0;151;43;
148230897 ;46;-2717.0;-2360.0;1547.0;44.0;1010.0;-877.0;96.0;-10.0;-46.0;85;87;
148230908 ;47;-2167.0;-3283.0;1464.0;-31.0;408.0;-686.0;103.0;-9.0;-51.0;167;109;
148230917 ;48;-1385.0;-3252.0;988.0;-170.0;172.0;-623.0;103.0;-9.0;-51.0;193;35;
148230953 ;49;-99.0;-2979.0;800.0;-398.0;-79.0;-414.0;98.0;-6.0;-46.0;23;231;
148230954 ;50;1703.0;-2949.0;821.0;-706.0;-852.0;172.0;98.0;-6.0;-46.0;107;117;
148230963 ;52;4799.0;-4374.0;1408.0;-801.0;-1930.0;1900.0;101.0;-3.0;-49.0;119;163;
148230968 ;53;5308.0;-4840.0;1861.0;-634.0;-2111.0;2709.0;96.0;-4.0;-50.0;130;128;
148230979 ;53;15670.0;2833.0;29421.0;-8695.0;-25347.0;-13572.0;24588.0;-1024.0;-12545.0;255;176;
148230988 ;55;3012.0;-3982.0;2017.0;-490.0;842.0;3487.0;96.0;-10.0;-56.0;163;219;
148230997 ;56;1169.0;-2193.0;2356.0;-526.0;1820.0;3294.0;96.0;-10.0;-56.0;178;186;
148231012 ;57;-978.0;96.0;2471.0;-603.0;2106.0;3391.0;102.0;-16.0;-58.0;231;7;
148231017 ;58;-2634.0;1534.0;2205.0;-860.0;1614.0;3502.0;102.0;-16.0;-58.0;128;222;
148231037 ;60;-4412.0;-411.0;1067.0;-296.0;-746.0;5525.0;116.0;-26.0;-48.0;101;135;
148231048 ;61;-3271.0;-289.0;705.0;33.0;-1196.0;5899.0;110.0;-36.0;-46.0;223;205;
148231057 ;62;-4294.0;253.0;412.0;351.0;-686.0;5730.0;110.0;-36.0;-46.0;108;68;
148231068 ;63;-7953.0;1372.0;-768.0;909.0;981.0;4714.0;115.0;-55.0;-47.0;133;245;
148231107 ;66;-12951.0;5771.0;-731.0;-1601.0;5929.0;1888.0;117.0;-73.0;-49.0;189;155;
148231128 ;69;-13530.0;9233.0;-11123.0;2093.0;-6552.0;1354.0;129.0;-83.0;-21.0;223;205;
148231137 ;70;-8845.0;9350.0;-5716.0;2518.0;-9844.0;-305.0;129.0;-83.0;-21.0;39;89;
148231151 ;71;-4560.0;8995.0;-2861.0;3171.0;-8473.0;-666.0;122.0;-90.0;-38.0;43;95;
148231170 ;73;702.0;5657.0;4098.0;1630.0;-994.0;-2752.0;107.0;-83.0;-59.0;2;206;
148231177 ;74;-9.0;3319.0;2758.0;1385.0;2477.0;-2586.0;107.0;-83.0;-59.0;23;135;
148231197 ;76;-2791.0;1191.0;1402.0;950.0;4274.0;-3434.0;104.0;-84.0;-68.0;127;93;
148231208 ;77;-2469.0;405.0;1115.0;741.0;4159.0;-2919.0;112.0;-82.0;-56.0;100;178;
148231220 ;78;-1873.0;-683.0;791.0;595.0;3658.0;-2368.0;112.0;-82.0;-56.0;210;186;
148231256 ;79;-1469.0;-1490.0;317.0;472.0;2905.0;-1904.0;118.0;-66.0;-40.0;235;199;
148231257 ;80;-1342.0;-1636.0;-129.0;462.0;2110.0;-1690.0;118.0;-66.0;-40.0;199;209;
148231258 ;81;-797.0;-1817.0;-338.0;399.0;1083.0;-1461.0;124.0;-64.0;-34.0;17;73;
148231262 ;82;-211.0;-2333.0;-189.0;379.0;568.0;-819.0;124.0;-64.0;-34.0;90;16;
148231268 ;83;-468.0;-2527.0;260.0;177.0;298.0;-265.0;129.0;-65.0;-29.0;181;55;
148231279 ;84;151.0;-2956.0;488.0;51.0;-219.0;29.0;129.0;-65.0;-29.0;251;169;
148231290 ;85;1272.0;-3703.0;647.0;41.0;-968.0;546.0;124.0;-64.0;-30.0;27;237;
148231297 ;86;1960.0;-4533.0;960.0;-51.0;-1844.0;1320.0;124.0;-64.0;-30.0;4;192;
148231317 ;88;1721.0;-4951.0;1722.0;292.0;-2874.0;2541.0;124.0;-62.0;-36.0;131;165;
148231328 ;89;999.0;-3494.0;2462.0;642.0;-2507.0;3009.0;119.0;-67.0;-41.0;228;60;
148231339 ;90;-95.0;-498.0;3321.0;1001.0;-1844.0;3034.0;119.0;-67.0;-41.0;211;57;
148231348 ;91;-955.0;1662.0;3914.0;808.0;-1023.0;3101.0;117.0;-79.0;-49.0;231;57;
148231368 ;93;-3458.0;2448.0;2983.0;178.0;160.0;3815.0;112.0;-88.0;-46.0;113;63;
148231407 ;94;-4577.0;1129.0;2160.0;308.0;201.0;4328.0;112.0;-88.0;-46.0;88;158;
148231408 ;95;-5323.0;1431.0;1848.0;410.0;27.0;4344.0;110.0;-98.0;-52.0;24;82;
148231417 ;97;-11703.0;4438.0;2183.0;432.0;1755.0;2657.0;109.0;-109.0;-49.0;102;46;
148231418 ;98;-16253.0;6552.0;3007.0;-283.0;3547.0;548.0;109.0;-109.0;-49.0;8;228;
148231432 ;99;-14677.0;7281.0;460.0;-1490.0;4558.0;-534.0;106.0;-116.0;-48.0;10;174;
148231448 ;101;-11818.0;8616.0;-6984.0;232.0;-1182.0;2793.0;115.0;-107.0;-33.0;184;54;
148231457 ;102;-12137.0;10464.0;-8025.0;1212.0;-5718.0;927.0;115.0;-107.0;-33.0;96;218;
148231468 ;103;-6116.0;10625.0;-6347.0;1687.0;-8491.0;-95.0;113.0;-117.0;-39.0;30;36;
148231477 ;104;-1741.0;9577.0;-2280.0;1706.0;-7517.0;-562.0;113.0;-117.0;-39.0;46;214;
148231500 ;106;3134.0;4209.0;3496.0;1019.0;-1477.0;-2934.0;104.0;-124.0;-54.0;121;215;
148231508 ;107;2613.0;2564.0;2386.0;1159.0;2194.0;-2847.0;89.0;-117.0;-69.0;212;78;
148231519 ;108;1149.0;1783.0;1554.0;1085.0;4097.0;-3020.0;89.0;-117.0;-69.0;67;91;
148231558 ;109;1195.0;1064.0;1179.0;729.0;4595.0;-2876.0;95.0;-117.0;-67.0;77;59;
148231574 ;111;4392.0;-1390.0;1945.0;563.0;5277.0;-325.0;104.0;-110.0;-50.0;99;67;
148231575 ;112;6094.0;-2807.0;1084.0;244.0;6147.0;1034.0;104.0;-110.0;-50.0;160;146;
148231578 ;113;4805.0;-2484.0;-1062.0;837.0;6731.0;1253.0;115.0;-105.0;-41.0;254;210;
148231589 ;115;4506.0;-2758.0;-889.0;-130.0;8624.0;3021.0;117.0;-113.0;-19.0;15;167;
148231597 ;116;2268.0;-1982.0;-2429.0;-145.0;10196.0;3083.0;117.0;-113.0;-19.0;164;54;
148231608 ;117;903.0;-1256.0;-3731.0;-203.0;10978.0;2611.0;121.0;-119.0;3.0;27;147;
148231628 ;119;-3375.0;1969.0;-3974.0;-995.0;11481.0;2272.0;115.0;-127.0;33.0;160;146;
148231640 ;120;-5897.0;3090.0;-4251.0;-1947.0;11125.0;2033.0;115.0;-127.0;33.0;252;192;
148231649 ;121;-8301.0;3179.0;-1707.0;-2330.0;10558.0;2480.0;105.0;-127.0;63.0;254;66;
148231658 ;122;-9661.0;3319.0;-1767.0;-2948.0;7471.0;2435.0;105.0;-127.0;63.0;70;202;
148231711 ;124;-8369.0;2331.0;-4886.0;-3626.0;-2843.0;1665.0;92.0;-134.0;78.0;24;244;
148231712 ;125;-6548.0;2140.0;-6184.0;-3566.0;-6419.0;1764.0;81.0;-155.0;79.0;225;59;
148231713 ;126;-5455.0;2236.0;-7728.0;-3148.0;-8873.0;1802.0;81.0;-155.0;79.0;168;206;
148231717 ;127;-4957.0;2638.0;-9353.0;-2341.0;-10442.0;1947.0;84.0;-162.0;62.0;81;105;
148231729 ;129;-4715.0;5074.0;-8320.0;-483.0;-10843.0;1558.0;92.0;-172.0;36.0;245;29;
148231748 ;131;-3179.0;12957.0;-3858.0;-2253.0;-11375.0;2280.0;88.0;-178.0;14.0;19;255;
148231770 ;133;-3745.0;8424.0;-986.0;-923.0;-12051.0;-241.0;85.0;-175.0;-9.0;240;180;
148231782 ;134;-604.0;4137.0;-905.0;315.0;-9993.0;-1404.0;85.0;-175.0;-9.0;33;223;
148231799 ;136;1289.0;3313.0;1824.0;868.0;-6449.0;-2509.0;71.0;-177.0;-37.0;152;44;
148231817 ;138;3478.0;4581.0;3740.0;355.0;-418.0;-2034.0;64.0;-178.0;-48.0;25;183;
148231859 ;139;4442.0;3742.0;4499.0;-424.0;1672.0;-1345.0;55.0;-169.0;-53.0;100;62;
148231862 ;140;5395.0;1550.0;3743.0;-850.0;3930.0;-562.0;55.0;-169.0;-53.0;212;166;
148231874 ;143;1738.0;-2543.0;-2292.0;-2364.0;9207.0;1235.0;77.0;-161.0;-47.0;185;135;
148231879 ;144;-127.0;-984.0;-5102.0;-1238.0;10613.0;1244.0;77.0;-161.0;-47.0;122;120;
148231888 ;145;-1808.0;1260.0;-5640.0;-791.0;11804.0;1158.0;82.0;-162.0;-30.0;189;1;
148231897 ;146;-3019.0;3181.0;-4167.0;-397.0;12530.0;977.0;82.0;-162.0;-30.0;253;61;
148231921 ;148;-6453.0;4537.0;-4565.0;-2585.0;10876.0;396.0;88.0;-164.0;-12.0;7;199;
148231928 ;149;-8291.0;3452.0;-5424.0;-1795.0;7627.0;1320.0;90.0;-164.0;16.0;77;161;
148231939 ;150;-9447.0;2651.0;-6079.0;-1671.0;2570.0;1358.0;90.0;-164.0;16.0;224;164;
148231948 ;151;-9509.0;2218.0;-6043.0;-1349.0;-2683.0;992.0;86.0;-176.0;30.0;74;166;
148231969 ;153;-7588.0;3537.0;-6399.0;-480.0;-10134.0;609.0;85.0;-171.0;23.0;74;208;
148231977 ;154;-7496.0;4647.0;-4946.0;-97.0;-11874.0;347.0;85.0;-171.0;23.0;90;0;
148232011 ;155;-7289.0;5932.0;-2977.0;-107.0;-12152.0;-58.0;86.0;-176.0;4.0;31;179;
148232011 ;10;-20068.0;-10269.0;-6369.0;12282.0;14334.0;-20784.0;22269.0;20480.0;1279.0;0;163;
148232017 ;158;-4662.0;8682.0;-382.0;-1020.0;-11867.0;-823.0;81.0;-175.0;-19.0;210;112;
148232028 ;159;-3084.0;7433.0;-1139.0;-931.0;-11421.0;-1823.0;67.0;-177.0;-39.0;47;13;
148232037 ;160;-1848.0;6804.0;330.0;-586.0;-10322.0;-2838.0;67.0;-177.0;-39.0;2;134;
148232048 ;161;570.0;6169.0;2788.0;-326.0;-7874.0;-3198.0;53.0;-167.0;-67.0;187;103;
148232068 ;163;-891.0;7328.0;4839.0;-1171.0;-3479.0;-5362.0;43.0;-165.0;-73.0;250;150;
148232079 ;164;-2099.0;7861.0;4027.0;-1567.0;-1344.0;-5620.0;43.0;-165.0;-73.0;244;168;
148232087 ;165;-3249.0;7782.0;2531.0;-1616.0;-19.0;-5512.0;44.0;-160.0;-74.0;184;146;
148232109 ;167;-3844.0;6528.0;1663.0;-2104.0;911.0;-5983.0;52.0;-152.0;-84.0;251;107;
148232117 ;168;-4051.0;5617.0;1037.0;-2490.0;1324.0;-6102.0;52.0;-152.0;-84.0;203;25;
148232161 ;169;-4823.0;5046.0;197.0;-2564.0;1903.0;-6096.0;61.0;-131.0;-81.0;93;113;
148232163 ;170;-5808.0;4660.0;-489.0;-2535.0;2180.0;-6293.0;61.0;-131.0;-81.0;188;246;
148232169 ;172;-6388.0;4108.0;-962.0;-2445.0;2144.0;-6219.0;73.0;-113.0;-83.0;15;103;
148232170 ;173;-6183.0;3861.0;-1087.0;-2304.0;1645.0;-6235.0;83.0;-103.0;-79.0;8;60;
148232177 ;174;-5797.0;3598.0;-1462.0;-2201.0;834.0;-6393.0;83.0;-103.0;-79.0;168;204;
148232188 ;175;-5221.0;3461.0;-1395.0;-2099.0;-41.0;-6468.0;91.0;-81.0;-77.0;111;5;
148232201 ;176;-4808.0;3512.0;-1260.0;-2065.0;-890.0;-6587.0;91.0;-81.0;-77.0;33;147;
148232208 ;177;-3589.0;3593.0;-910.0;-2243.0;-1726.0;-6537.0;92.0;-60.0;-76.0;234;212;
148232219 ;178;-2363.0;3345.0;-549.0;-2638.0;-2466.0;-6289.0;92.0;-60.0;-76.0;176;218;
148232228 ;179;-1095.0;2890.0;-459.0;-2868.0;-2785.0;-6014.0;89.0;-39.0;-83.0;52;196;
148232237 ;180;103.0;2384.0;-670.0;-3037.0;-3028.0;-5767.0;89.0;-39.0;-83.0;115;141;
148232249 ;181;1034.0;2012.0;-703.0;-3163.0;-2976.0;-5480.0;76.0;-24.0;-88.0;86;74;
148232257 ;182;2028.0;1573.0;-774.0;-3226.0;-2409.0;-5031.0;76.0;-24.0;-88.0;249;31;
148232271 ;183;2762.0;995.0;-722.0;-3300.0;-1720.0;-4573.0;60.0;0.0;-86.0;12;148;
148232278 ;184;3430.0;102.0;-804.0;-3247.0;-1108.0;-4319.0;60.0;0.0;-86.0;115;237;
148232312 ;185;3744.0;-1001.0;-1319.0;-2899.0;-644.0;-4114.0;49.0;17.0;-87.0;88;90;
148232313 ;186;3630.0;-1810.0;-1517.0;-2309.0;-235.0;-3659.0;49.0;17.0;-87.0;168;154;
148232314 ;187;3638.0;-2010.0;-1122.0;-1861.0;-126.0;-3021.0;36.0;24.0;-82.0;36;134;
148232318 ;188;4172.0;-2049.0;-703.0;-1685.0;-427.0;-2376.0;36.0;24.0;-82.0;196;100;
148232329 ;189;4963.0;-1845.0;-416.0;-1446.0;-888.0;-1958.0;32.0;28.0;-74.0;153;73;
148232342 ;190;5754.0;-2670.0;604.0;-1345.0;-1094.0;-1507.0;32.0;28.0;-74.0;211;87;
148232348 ;191;5937.0;-2851.0;1598.0;-960.0;-701.0;-892.0;29.0;39.0;-73.0;60;170;
148232362 ;192;4702.0;-3694.0;2213.0;-534.0;-166.0;-101.0;29.0;39.0;-73.0;94;204;
148232368 ;193;969.0;-3764.0;3398.0;-457.0;134.0;507.0;25.0;41.0;-73.0;246;26;
148232377 ;194;-1683.0;-3464.0;2927.0;-515.0;-891.0;904.0;25.0;41.0;-73.0;52;24;
148232389 ;195;-2070.0;-4348.0;2035.0;-215.0;-2694.0;1808.0;22.0;40.0;-68.0;98;216;
148232397 ;196;-432.0;-4704.0;2751.0;-109.0;-3944.0;2966.0;22.0;40.0;-68.0;70;92;
148232411 ;197;-30.0;-3790.0;3460.0;176.0;-4193.0;3103.0;26.0;42.0;-70.0;234;30;
148232417 ;198;79.0;-4156.0;3826.0;347.0;-3239.0;3070.0;26.0;42.0;-70.0;160;4;
148232462 ;199;-2347.0;-4126.0;5253.0;435.0;-782.0;2794.0;20.0;38.0;-72.0;173;123;
