148405669 ;2;1871.0;-2799.0;-4321.0;2246.0;560.0;2353.0;27.0;33.0;-75.0;192;192;
148405673 ;3;1465.0;-3137.0;-3858.0;2858.0;1014.0;2811.0;28.0;70.0;30.0;46;166;
148405706 ;4;774.0;-3207.0;-3230.0;3414.0;1372.0;3288.0;28.0;70.0;30.0;32;162;
148405709 ;5;459.0;-3086.0;-2368.0;3902.0;1601.0;3768.0;30.0;64.0;20.0;98;88;
148405713 ;6;337.0;-2883.0;-878.0;4273.0;1512.0;4198.0;30.0;64.0;20.0;87;43;
148405714 ;7;301.0;-2903.0;1331.0;4595.0;889.0;4463.0;42.0;56.0;12.0;162;146;
148405721 ;8;-493.0;-2770.0;4041.0;4706.0;58.0;4602.0;42.0;56.0;12.0;101;109;
148405783 ;9;-2093.0;-1933.0;6546.0;4029.0;1464.0;4707.0;55.0;51.0;3.0;126;126;
148405785 ;10;-6775.0;-1206.0;10909.0;2856.0;1342.0;4007.0;55.0;51.0;3.0;71;253;
148405793 ;11;-11732.0;-1137.0;13524.0;1639.0;1571.0;2561.0;70.0;42.0;-10.0;203;97;
148405794 ;12;-15382.0;-2316.0;15481.0;364.0;1576.0;2004.0;70.0;42.0;-10.0;93;189;
148405796 ;13;-15291.0;-8489.0;8900.0;-1372.0;-593.0;1692.0;78.0;34.0;-10.0;44;186;
148405799 ;14;-14425.0;-9397.0;2476.0;-1361.0;-5327.0;1390.0;78.0;34.0;-10.0;30;240;
148405800 ;15;-16796.0;-3855.0;-2170.0;-441.0;-7960.0;-1821.0;83.0;31.0;-9.0;9;97;
148405810 ;16;-9688.0;9602.0;9185.0;-696.0;-6862.0;-2684.0;83.0;31.0;-9.0;36;250;
148405813 ;17;-438.0;6838.0;12973.0;1227.0;-2591.0;438.0;74.0;30.0;-20.0;225;151;
148405845 ;18;2042.0;776.0;13627.0;-4672.0;2563.0;-329.0;74.0;30.0;-20.0;122;234;
148405848 ;19;-2166.0;-529.0;13664.0;-2046.0;4575.0;-3912.0;70.0;36.0;-24.0;34;10;
148405853 ;20;-2746.0;-1089.0;7399.0;-2435.0;5532.0;-4333.0;70.0;36.0;-24.0;173;185;
148405854 ;21;-2364.0;-524.0;3793.0;-3885.0;4059.0;-3861.0;66.0;36.0;-12.0;170;90;
148405863 ;22;-2963.0;-1714.0;255.0;-3959.0;2711.0;-4129.0;66.0;36.0;-12.0;40;84;
148405873 ;23;-2751.0;-3067.0;-1207.0;-3400.0;1562.0;-4001.0;55.0;53.0;7.0;64;54;
148405881 ;24;-2987.0;-3230.0;-2559.0;-3341.0;1908.0;-4046.0;55.0;53.0;7.0;204;64;
148405935 ;25;-3398.0;-3246.0;-2919.0;-3310.0;1645.0;-4508.0;51.0;57.0;17.0;8;172;
148405937 ;26;-3078.0;-3482.0;-4286.0;-2578.0;367.0;-4680.0;51.0;57.0;17.0;47;59;
148405938 ;27;-2358.0;-3379.0;-4762.0;-1952.0;-821.0;-4293.0;36.0;64.0;24.0;220;190;
148405944 ;28;-1511.0;-3456.0;-4078.0;-1840.0;-2320.0;-4095.0;36.0;64.0;24.0;232;230;
148405948 ;29;-2440.0;-3339.0;-822.0;-2207.0;-3555.0;-4362.0;25.0;69.0;29.0;40;168;
148405949 ;30;-1438.0;-3712.0;741.0;-2589.0;-3685.0;-4744.0;25.0;69.0;29.0;64;146;
148405954 ;31;963.0;-3700.0;1313.0;-2663.0;-2991.0;-4317.0;10.0;66.0;38.0;9;199;
148405985 ;32;2709.0;-772.0;1913.0;-3422.0;-1887.0;-3869.0;10.0;66.0;38.0;211;159;
148405988 ;33;2131.0;386.0;1344.0;-4125.0;-1087.0;-3435.0;-1.0;71.0;39.0;239;167;
148405989 ;34;747.0;-401.0;228.0;-4351.0;493.0;-3187.0;-1.0;71.0;39.0;84;136;
148405993 ;35;606.0;-1990.0;-1351.0;-3659.0;1389.0;-3089.0;-10.0;68.0;48.0;245;153;
148406001 ;36;-723.0;-2748.0;-3246.0;-2788.0;1520.0;-2395.0;-10.0;68.0;48.0;0;252;
148406033 ;37;-1128.0;-1480.0;-3948.0;-1723.0;1307.0;-1816.0;-18.0;58.0;58.0;55;105;
148406035 ;38;-758.0;-1181.0;-3658.0;-765.0;1086.0;-1330.0;-18.0;58.0;58.0;199;197;
148406105 ;39;6.0;-1960.0;-3825.0;142.0;1145.0;-860.0;-23.0;59.0;67.0;246;144;
148406108 ;41;2048.0;-1432.0;-2830.0;1820.0;1450.0;148.0;-33.0;57.0;61.0;61;155;
148406114 ;43;2949.0;-785.0;-783.0;2837.0;1195.0;1530.0;-30.0;58.0;58.0;222;194;
148406115 ;45;3028.0;-613.0;1305.0;3082.0;1460.0;2859.0;-26.0;62.0;46.0;66;60;
148406144 ;46;2641.0;-861.0;1628.0;2937.0;1848.0;3434.0;-26.0;62.0;46.0;63;121;
148406146 ;47;1949.0;-1371.0;1903.0;2914.0;2015.0;3780.0;-17.0;61.0;43.0;141;213;
148406151 ;48;1206.0;-1972.0;1656.0;2935.0;2337.0;3966.0;-17.0;61.0;43.0;101;65;
148406153 ;49;188.0;-2325.0;1427.0;2580.0;2700.0;4007.0;-11.0;67.0;35.0;84;118;
148406160 ;50;-1448.0;-3685.0;2166.0;2211.0;3685.0;4109.0;-11.0;67.0;35.0;77;25;
148406161 ;51;-3181.0;-4845.0;1671.0;2234.0;4779.0;3643.0;8.0;66.0;30.0;160;108;
148406164 ;52;-3267.0;-6319.0;-1617.0;2281.0;4570.0;3335.0;8.0;66.0;30.0;198;68;
148406193 ;53;-7387.0;-5798.0;-2251.0;2453.0;3501.0;2724.0;15.0;67.0;23.0;69;97;
148406195 ;54;-13046.0;-3184.0;3048.0;2201.0;3166.0;889.0;15.0;67.0;23.0;157;185;
148406196 ;55;-12110.0;-659.0;3387.0;1303.0;1500.0;-222.0;24.0;64.0;26.0;37;141;
148406201 ;56;-12314.0;-1734.0;5582.0;267.0;315.0;-1362.0;24.0;64.0;26.0;143;5;
148406235 ;57;-10983.0;-4535.0;6089.0;-303.0;-643.0;-2004.0;17.0;65.0;19.0;58;158;
148406236 ;58;-7932.0;-5396.0;5016.0;-1328.0;-1878.0;-2806.0;17.0;65.0;19.0;154;188;
148406238 ;59;-4452.0;-4755.0;2816.0;-2109.0;-3014.0;-3399.0;13.0;71.0;23.0;82;4;
148406246 ;60;-1901.0;-3611.0;1670.0;-2618.0;-3052.0;-3762.0;13.0;71.0;23.0;192;216;
148406253 ;61;758.0;-3374.0;184.0;-2693.0;-2670.0;-4130.0;3.0;63.0;29.0;254;130;
148406280 ;62;3880.0;-3249.0;-1354.0;-2748.0;-2617.0;-3905.0;3.0;63.0;29.0;148;46;
148406283 ;63;6539.0;-3957.0;-2790.0;-2344.0;-2314.0;-3269.0;-1.0;67.0;37.0;229;147;
148406284 ;64;6830.0;-3883.0;-2840.0;-2021.0;-2684.0;-2716.0;-1.0;67.0;37.0;30;130;
148406293 ;65;5102.0;-3752.0;-3140.0;-1579.0;-3138.0;-2252.0;-17.0;67.0;39.0;102;166;
148406301 ;66;3021.0;-3861.0;-3700.0;-1143.0;-3549.0;-1549.0;-17.0;67.0;39.0;121;21;
148406329 ;67;3363.0;-3961.0;-4020.0;-522.0;-3697.0;-446.0;-20.0;62.0;42.0;86;66;
148406331 ;68;4366.0;-3833.0;-4285.0;428.0;-3093.0;747.0;-20.0;62.0;42.0;130;112;
148406334 ;69;4734.0;-3465.0;-4002.0;1425.0;-1557.0;1400.0;-17.0;63.0;49.0;11;205;
148406341 ;70;4692.0;-3185.0;-3733.0;2355.0;7.0;1753.0;-17.0;63.0;49.0;52;48;
148406385 ;71;4347.0;-3017.0;-3551.0;3210.0;1208.0;2155.0;-16.0;64.0;44.0;218;172;
148406388 ;72;3558.0;-2801.0;-3339.0;3982.0;2095.0;2571.0;-16.0;64.0;44.0;148;176;
148406389 ;73;2850.0;-2748.0;-2989.0;4667.0;2713.0;3037.0;-13.0;65.0;35.0;78;94;
148406394 ;74;2140.0;-2819.0;-2249.0;5286.0;3120.0;3432.0;-13.0;65.0;35.0;184;120;
148406395 ;75;1756.0;-2751.0;-875.0;5741.0;2941.0;3758.0;2.0;62.0;24.0;61;239;
148406403 ;76;1235.0;-2825.0;1042.0;6045.0;2276.0;4046.0;2.0;62.0;24.0;35;39;
148406411 ;77;807.0;-2423.0;3048.0;5968.0;1681.0;4351.0;9.0;61.0;13.0;115;217;
148406423 ;78;448.0;-1906.0;4458.0;5547.0;328.0;4811.0;9.0;61.0;13.0;115;191;
148406433 ;79;-1690.0;-811.0;6231.0;4897.0;-1764.0;4837.0;21.0;61.0;-3.0;166;150;
148406441 ;80;-5205.0;516.0;7301.0;4155.0;-3371.0;4177.0;21.0;61.0;-3.0;120;194;
148406468 ;81;-9758.0;1204.0;10679.0;3420.0;-4708.0;2809.0;39.0;59.0;-19.0;17;179;
148406470 ;82;-16826.0;2454.0;14831.0;1680.0;-6812.0;529.0;39.0;59.0;-19.0;135;195;
148406474 ;83;-20954.0;-1326.0;11675.0;1380.0;-8510.0;-1344.0;34.0;42.0;-28.0;215;59;
148406482 ;84;-19992.0;-3555.0;4124.0;1400.0;-11896.0;-2217.0;34.0;42.0;-28.0;165;83;
148406537 ;85;-9820.0;-1429.0;3101.0;1945.0;-12801.0;-2539.0;31.0;45.0;-39.0;37;217;
148406539 ;86;1042.0;4391.0;3556.0;3525.0;-9648.0;-1096.0;31.0;45.0;-39.0;146;160;
148406544 ;87;18868.0;9733.0;16033.0;2189.0;289.0;2038.0;6.0;44.0;-50.0;59;115;
148406545 ;88;11526.0;6492.0;15274.0;-4179.0;4309.0;-275.0;6.0;44.0;-50.0;122;2;
148406548 ;89;4998.0;-2723.0;13665.0;-1589.0;5811.0;-620.0;3.0;43.0;-55.0;24;250;
148406550 ;90;-8844.0;-15130.0;7720.0;5109.0;809.0;-768.0;11008.0;-14080.0;-3585.0;32;16;
148406562 ;90;15732.0;-2313.0;1284.0;-25082.0;-15376.0;4366.0;2813.0;11776.0;-12800.0;255;154;
148406603 ;96;1160.0;-1726.0;-4344.0;-4020.0;4334.0;-85.0;24.0;58.0;-26.0;99;183;
148406626 ;97;721.0;-1984.0;-6204.0;-3505.0;5088.0;-499.0;23.0;57.0;-13.0;194;156;
148406642 ;100;-3418.0;-4764.0;-4872.0;-2799.0;2133.0;-1094.0;26.0;60.0;2.0;203;91;
148406692 ;103;4774.0;1240.0;115.0;-4305.0;-3408.0;634.0;20.0;62.0;22.0;60;144;
148406693 ;104;9391.0;840.0;-2395.0;-4576.0;-4707.0;1873.0;20.0;62.0;22.0;163;5;
148406694 ;105;8643.0;-3348.0;-895.0;-1727.0;-3167.0;2761.0;19.0;63.0;29.0;226;218;
148406713 ;107;6888.0;-5110.0;-3614.0;-651.0;-2654.0;5178.0;29.0;57.0;37.0;50;182;
148406721 ;108;6143.0;-3946.0;-6338.0;529.0;-2358.0;6602.0;29.0;57.0;37.0;136;236;
148406745 ;109;4613.0;-1653.0;-6770.0;2052.0;-1119.0;7015.0;44.0;50.0;38.0;83;91;
148406748 ;109;4613.0;-1782.0;-6770.0;2052.0;-1119.0;7015.0;44.0;50.0;38.0;83;218;
148406754 ;111;834.0;924.0;-4553.0;5093.0;1369.0;7046.0;62.0;44.0;30.0;33;121;
148406784 ;113;-429.0;2537.0;445.0;6950.0;2631.0;7374.0;79.0;27.0;21.0;151;73;
148406788 ;114;-1197.0;2966.0;2953.0;7325.0;2578.0;7464.0;79.0;27.0;21.0;184;2;
148406838 ;116;-6090.0;5273.0;6091.0;6986.0;-625.0;6867.0;101.0;21.0;11.0;174;64;
148406840 ;117;-7537.0;6687.0;6541.0;5994.0;-890.0;6475.0;109.0;-7.0;9.0;196;148;
148406846 ;119;-10491.0;5335.0;395.0;5152.0;-4496.0;5676.0;114.0;-28.0;-4.0;24;60;
148406853 ;121;-16270.0;8975.0;-2703.0;5016.0;-10804.0;1919.0;119.0;-39.0;-17.0;124;226;
148406861 ;122;-12612.0;11180.0;1210.0;5192.0;-12388.0;651.0;119.0;-39.0;-17.0;84;220;
148406884 ;123;-4010.0;10301.0;3559.0;5093.0;-11870.0;679.0;111.0;-51.0;-47.0;99;91;
148406886 ;124;4455.0;9442.0;7125.0;4716.0;-9356.0;709.0;111.0;-51.0;-47.0;179;77;
148406905 ;124;10877.0;-8147.0;5664.0;-10959.0;-23544.0;26353.0;22020.0;-14848.0;-19713.0;255;252;
148406906 ;126;9701.0;2390.0;12123.0;330.0;1972.0;1476.0;86.0;-58.0;-78.0;54;164;
148406913 ;127;5976.0;-32.0;10446.0;1663.0;5188.0;1367.0;76.0;-68.0;-88.0;212;192;
148406956 ;131;1277.0;143.0;-781.0;306.0;12267.0;3668.0;103.0;-77.0;-59.0;184;108;
148406998 ;10;901.0;15359.0;10234.0;13037.0;25603.0;313.0;32013.0;-23296.0;-6657.0;255;240;
148407000 ;134;136.0;-2052.0;-6093.0;1337.0;15819.0;3637.0;125.0;-91.0;-27.0;212;56;
148407028 ;138;-5074.0;1686.0;-8991.0;1740.0;15714.0;3633.0;113.0;-97.0;61.0;35;73;
148407035 ;139;-6716.0;3670.0;-8586.0;1024.0;13629.0;3424.0;85.0;-109.0;101.0;69;77;
148407063 ;142;-11148.0;6048.0;-9991.0;-2877.0;3976.0;3098.0;56.0;-112.0;126.0;65;29;
148407082 ;143;-13107.0;5285.0;-11552.0;-2657.0;-98.0;2741.0;25.0;-123.0;135.0;209;119;
148407139 ;147;-6418.0;6153.0;-4545.0;-946.0;-12330.0;3530.0;43.0;-145.0;129.0;191;39;
148407141 ;149;-1515.0;3959.0;-5940.0;-715.0;-19255.0;1365.0;63.0;-141.0;109.0;47;55;
148407147 ;150;2162.0;3740.0;-5538.0;427.0;-20266.0;523.0;63.0;-141.0;109.0;137;251;
148407155 ;11;4890.0;25581.0;16898.0;22713.0;24578.0;26624.0;18175.0;32000.0;2592.0;152;155;
148407179 ;153;1532.0;5183.0;-3804.0;1104.0;-18001.0;-3267.0;112.0;-154.0;32.0;13;241;
148407181 ;154;677.0;5486.0;1231.0;624.0;-16048.0;-3939.0;112.0;-154.0;32.0;198;224;
148407199 ;155;1197.0;6771.0;3544.0;282.0;-12830.0;-3210.0;103.0;-145.0;-21.0;218;246;
148407220 ;157;3309.0;6230.0;6159.0;-1829.0;-7318.0;-2900.0;91.0;-127.0;-51.0;188;234;
148407226 ;158;1965.0;4099.0;7323.0;-1800.0;-3699.0;-3376.0;91.0;-127.0;-51.0;29;195;
148407233 ;159;518.0;3785.0;7224.0;-1540.0;-195.0;-3503.0;84.0;-124.0;-64.0;6;38;
148407249 ;160;-1203.0;4815.0;7259.0;-1526.0;1985.0;-3337.0;84.0;-124.0;-64.0;181;133;
148407290 ;162;-4942.0;5717.0;5384.0;-1774.0;4588.0;-4290.0;84.0;-110.0;-70.0;197;51;
148407291 ;163;-6469.0;5474.0;5140.0;-2047.0;4634.0;-4303.0;88.0;-94.0;-60.0;14;178;
148407297 ;164;-7531.0;5628.0;4990.0;-2423.0;3713.0;-4338.0;88.0;-94.0;-60.0;174;82;
148407298 ;165;-8389.0;6260.0;5417.0;-2762.0;2387.0;-4444.0;99.0;-81.0;-45.0;175;247;
148407318 ;167;-9461.0;7962.0;6008.0;-4292.0;-1033.0;-5723.0;107.0;-69.0;-43.0;35;161;
148407323 ;168;-9059.0;8596.0;5626.0;-5091.0;-2729.0;-6126.0;107.0;-69.0;-43.0;87;53;
148407333 ;169;-8161.0;9213.0;4557.0;-5924.0;-4477.0;-6295.0;96.0;-48.0;-44.0;87;205;
148407341 ;170;-6881.0;9692.0;3362.0;-6424.0;-5949.0;-6239.0;96.0;-48.0;-44.0;11;171;
148407357 ;171;-5021.0;10034.0;2245.0;-7088.0;-7162.0;-6202.0;89.0;-27.0;-39.0;42;196;
148407374 ;173;-1207.0;8423.0;-8.0;-8241.0;-7194.0;-5104.0;71.0;-7.0;-55.0;147;107;
148407383 ;174;-634.0;7424.0;-681.0;-8345.0;-6176.0;-4311.0;71.0;-7.0;-55.0;248;70;
148407393 ;175;-99.0;5994.0;-1158.0;-8340.0;-5202.0;-3740.0;51.0;17.0;-53.0;178;110;
148407402 ;176;86.0;4597.0;-1692.0;-8147.0;-4041.0;-3118.0;51.0;17.0;-53.0;154;136;
148407442 ;177;-443.0;3285.0;-2196.0;-7798.0;-3156.0;-2925.0;39.0;35.0;-45.0;15;25;
148407452 ;179;-1299.0;1754.0;-785.0;-7135.0;-1287.0;-3020.0;25.0;41.0;-27.0;213;109;
148407454 ;181;-1705.0;3817.0;1931.0;-7896.0;2318.0;-3019.0;10.0;52.0;-10.0;52;98;
148407461 ;182;-177.0;3394.0;695.0;-7891.0;4257.0;-2990.0;10.0;52.0;-10.0;110;58;
148407475 ;183;227.0;2470.0;-587.0;-6850.0;5164.0;-3363.0;13.0;59.0;9.0;168;106;
148407495 ;185;-352.0;1977.0;-1765.0;-4956.0;7376.0;-4866.0;7.0;55.0;27.0;20;44;
148407505 ;186;-621.0;1472.0;-2998.0;-3904.0;8051.0;-5319.0;7.0;55.0;27.0;54;32;
148407513 ;187;-537.0;1480.0;-3560.0;-2960.0;8056.0;-5451.0;-14.0;60.0;42.0;145;11;
148407525 ;188;102.0;1822.0;-4098.0;-2126.0;7815.0;-5293.0;-14.0;60.0;42.0;65;135;
148407542 ;190;1935.0;1409.0;-4989.0;-133.0;7787.0;-4253.0;-34.0;52.0;48.0;9;175;
148407555 ;191;2722.0;944.0;-5088.0;725.0;7299.0;-3389.0;-49.0;49.0;45.0;171;23;
148407592 ;192;3587.0;400.0;-4695.0;1359.0;6195.0;-2410.0;-49.0;49.0;45.0;121;31;
148407592 ;192;3587.0;400.0;-4695.0;1359.0;6195.0;-2410.0;-49.0;49.0;45.0;121;31;
148407594 ;194;5594.0;-1243.0;-2794.0;1841.0;2159.0;-289.0;-71.0;43.0;37.0;154;34;
148407598 ;195;6651.0;-1956.0;-1112.0;1717.0;-271.0;607.0;-80.0;44.0;32.0;254;94;
148407613 ;197;6872.0;-3374.0;18.0;1436.0;-4314.0;2040.0;-74.0;44.0;30.0;107;203;
148407621 ;198;5721.0;-4087.0;-1120.0;1717.0;-5479.0;2428.0;-74.0;44.0;30.0;181;207;
148407633 ;199;4132.0;-4042.0;-1941.0;2344.0;-6019.0;2799.0;-72.0;48.0;32.0;68;138;
148407645 ;200;3230.0;-4612.0;-1891.0;3243.0;-6434.0;3274.0;-72.0;48.0;32.0;114;10;
148407664 ;202;4710.0;-5887.0;1500.0;4588.0;-6542.0;4178.0;-67.0;53.0;29.0;252;228;
148407673 ;203;5156.0;-5741.0;3509.0;4948.0;-5847.0;4123.0;-47.0;53.0;23.0;43;147;
148407693 ;205;3328.0;-4373.0;7330.0;5077.0;-3349.0;3612.0;-39.0;51.0;17.0;166;152;
148407702 ;206;1385.0;-3809.0;10908.0;4702.0;-2227.0;3211.0;-39.0;51.0;17.0;163;165;
148407745 ;208;-7661.0;-408.0;22727.0;2330.0;1433.0;1166.0;-27.0;55.0;1.0;227;43;
148407754 ;209;-7236.0;-3846.0;16076.0;331.0;2345.0;722.0;-24.0;60.0;-10.0;248;196;
148407755 ;210;-6520.0;-11366.0;3934.0;-1290.0;-79.0;1725.0;-24.0;60.0;-10.0;191;85;
148407756 ;211;-14473.0;-9967.0;-2737.0;31.0;-3655.0;620.0;-20.0;54.0;-8.0;184;32;
148407774 ;213;-3127.0;7571.0;5374.0;1260.0;-6547.0;2373.0;-20.0;56.0;-8.0;40;162;
148407786 ;214;3575.0;4217.0;13451.0;-7080.0;-1004.0;1246.0;-20.0;56.0;-8.0;148;114;
148407804 ;216;-230.0;2111.0;5473.0;-2301.0;4148.0;-2656.0;-14.0;58.0;-8.0;205;225;
148407813 ;217;106.0;-146.0;1104.0;-5030.0;4280.0;-3572.0;-22.0;58.0;6.0;99;149;
148407822 ;218;134.0;-2809.0;-2207.0;-4668.0;4316.0;-3390.0;-22.0;58.0;6.0;88;238;
148407841 ;220;932.0;-2735.0;-5056.0;-3250.0;4254.0;-1423.0;-27.0;59.0;9.0;161;201;
148407893 ;222;1161.0;-2711.0;-7161.0;-2325.0;3105.0;-2272.0;-35.0;53.0;23.0;43;225;
148407896 ;223;281.0;-3689.0;-6900.0;-1648.0;2331.0;-2850.0;-40.0;52.0;30.0;68;62;
148407900 ;224;-1009.0;-4447.0;-4492.0;-1352.0;1799.0;-2650.0;-40.0;52.0;30.0;138;240;
148407901 ;225;-2940.0;-4197.0;-407.0;-1558.0;-663.0;-2907.0;-51.0;51.0;37.0;122;170;
148407913 ;227;2350.0;2006.0;2175.0;-3177.0;-4508.0;-1303.0;-59.0;47.0;33.0;123;129;
148407926 ;228;4917.0;1635.0;-107.0;-2823.0;-3533.0;-1087.0;-59.0;47.0;33.0;53;37;
148407933 ;229;4265.0;-2837.0;398.0;-1091.0;-2220.0;-629.0;-62.0;46.0;46.0;222;72;
148407944 ;230;1577.0;-6489.0;-904.0;-967.0;-2429.0;-444.0;-62.0;46.0;46.0;77;17;
148407974 ;233;7193.0;-3449.0;-4739.0;385.0;-2107.0;2454.0;-51.0;47.0;53.0;56;38;
148407981 ;234;6048.0;-2691.0;-5001.0;1322.0;-1043.0;2864.0;-51.0;47.0;53.0;34;78;
148407995 ;235;4550.0;-2427.0;-4616.0;2237.0;33.0;3167.0;-50.0;40.0;58.0;204;148;
148408046 ;238;2283.0;-1209.0;-3775.0;4709.0;4002.0;4669.0;-44.0;52.0;54.0;51;247;
148408051 ;240;1827.0;-184.0;-2831.0;5674.0;7038.0;5855.0;-34.0;52.0;42.0;121;227;
148408067 ;242;2537.0;985.0;-2791.0;5568.0;9366.0;7256.0;-16.0;54.0;26.0;58;14;
148408084 ;244;2092.0;1874.0;-2429.0;5051.0;9530.0;8377.0;-8.0;64.0;14.0;111;189;
148408093 ;245;1106.0;2721.0;-1247.0;4371.0;8945.0;8942.0;10.0;52.0;4.0;197;223;
148408161 ;252;-30944.0;7127.0;-1325.0;-93.0;-16289.0;2086.0;80.0;10.0;2.0;215;33;
148408198 ;254;-10248.0;5962.0;-4642.0;3714.0;-17989.0;-115.0;83.0;9.0;-11.0;3;57;
148408199 ;255;4879.0;9339.0;6890.0;1508.0;-15142.0;-339.0;64.0;0.0;-50.0;45;187;
148408223 ;2;5912.0;-3478.0;9054.0;1121.0;9270.0;-1698.0;35.0;3.0;-75.0;40;120;
148408241 ;4;-1229.0;-1733.0;483.0;650.0;10798.0;-1305.0;35.0;5.0;-77.0;19;61;
148408281 ;8;2671.0;-6210.0;-3128.0;1876.0;9876.0;1610.0;66.0;6.0;-48.0;135;227;
148408293 ;9;5552.0;-7065.0;-4381.0;2721.0;9971.0;2147.0;82.0;2.0;-32.0;118;82;
148408302 ;114;-7400.0;2531.0;-7953.0;-21235.0;-13525.0;21002.0;512.0;-8192.0;18943.0;32;32;
148408349 ;13;3118.0;-2338.0;-2237.0;3597.0;16592.0;3953.0;99.0;-11.0;3.0;132;30;
148408355 ;15;-4111.0;1905.0;-5575.0;2985.0;15024.0;3174.0;103.0;-17.0;39.0;64;140;
148408363 ;16;-8061.0;3030.0;-5313.0;716.0;11501.0;3399.0;103.0;-17.0;39.0;95;69;
148408374 ;17;-11426.0;2988.0;-4168.0;-2246.0;7233.0;4028.0;92.0;-24.0;68.0;170;106;
148408381 ;18;-13739.0;764.0;-3516.0;-3327.0;-713.0;4954.0;92.0;-24.0;68.0;171;145;
148408393 ;19;-10814.0;-386.0;-2855.0;-2478.0;-7147.0;5443.0;84.0;-38.0;80.0;51;161;
148408415 ;21;-6449.0;389.0;-5212.0;-2517.0;-12027.0;6690.0;100.0;-56.0;74.0;177;245;
148408422 ;22;-7753.0;2167.0;-7848.0;-1183.0;-11166.0;5735.0;100.0;-56.0;74.0;20;232;
148408433 ;23;-8498.0;4463.0;-7322.0;-364.0;-9475.0;4732.0;107.0;-73.0;49.0;255;231;
148408453 ;25;-9785.0;8501.0;-6003.0;1647.0;-9594.0;3410.0;109.0;-89.0;19.0;8;16;
148408461 ;26;-11212.0;13650.0;-4778.0;1668.0;-11131.0;2715.0;109.0;-89.0;19.0;196;104;
148408505 ;29;-9465.0;7708.0;-962.0;895.0;-17908.0;-4128.0;95.0;-97.0;-31.0;145;207;
148408506 ;30;-7076.0;6506.0;-1483.0;3.0;-17275.0;-5642.0;95.0;-97.0;-31.0;58;52;
148408513 ;31;-152.0;6301.0;3872.0;-1.0;-12334.0;-4263.0;77.0;-97.0;-71.0;30;200;
148408521 ;10;6612.0;5630.0;-2968.0;-8936.0;-2483.0;77.0;-97.0;-71.0;8440.0;33;87;
148408555 ;10;3406.0;-814.0;6580.0;-3107.0;4714.0;-2549.0;29.0;-71.0;-95.0;5;78;
148408562 ;36;-660.0;1142.0;4955.0;-2575.0;7197.0;-2917.0;29.0;-71.0;-95.0;194;202;
148408573 ;37;-2661.0;1642.0;3721.0;-2496.0;8192.0;-3440.0;46.0;-68.0;-90.0;76;74;
148408582 ;10;-6106.0;-12816.0;20739.0;-20469.0;-21260.0;-32738.0;12018.0;-17408.0;-22785.0;255;197;
148408593 ;39;-5414.0;374.0;2816.0;-3121.0;6589.0;-3312.0;62.0;-48.0;-78.0;240;102;
148408601 ;40;-6952.0;95.0;2510.0;-2886.0;4753.0;-3499.0;62.0;-48.0;-78.0;154;144;
148408648 ;42;11020.0;-11427.0;2109.0;2376.0;-3716.0;-1403.0;-5760.0;76.0;-28.0;192;123;
148408649 ;44;-11195.0;2931.0;2224.0;-4361.0;-3690.0;-6299.0;76.0;-28.0;-64.0;75;195;
148408654 ;45;-9248.0;3364.0;1474.0;-4801.0;-5275.0;-6810.0;68.0;-10.0;-56.0;209;119;
148408661 ;46;-7051.0;3337.0;474.0;-5195.0;-6369.0;-7220.0;68.0;-10.0;-56.0;247;185;
148408674 ;47;-4462.0;3037.0;-895.0;-5359.0;-6906.0;-7184.0;48.0;8.0;-52.0;251;211;
148408681 ;48;-2678.0;2680.0;-2057.0;-5450.0;-7362.0;-6789.0;48.0;8.0;-52.0;109;3;
148408681 ;10;21041.0;2811.0;-26872.0;24308.0;-29718.0;-3101.0;7143.0;6400.0;-13056.0;255;222;
148408713 ;51;296.0;161.0;-2133.0;-5979.0;-6025.0;-5113.0;3.0;33.0;-47.0;156;248;
148408721 ;52;1291.0;1056.0;1706.0;-6150.0;-4481.0;-5137.0;3.0;33.0;-47.0;94;28;
148408733 ;53;367.0;93.0;3801.0;-7092.0;-1818.0;-5497.0;-17.0;51.0;-33.0;145;35;
148408742 ;54;-133.0;470.0;2673.0;-7333.0;792.0;-5654.0;-17.0;51.0;-33.0;87;151;
148408753 ;55;-2182.0;1234.0;1083.0;-7036.0;1409.0;-5654.0;-31.0;51.0;-17.0;169;163;
148408798 ;57;-3435.0;1136.0;-531.0;-6086.0;143.0;-6305.0;-50.0;56.0;-4.0;63;255;
148408806 ;204;-28160.0;10753.0;-3339.0;4587.0;24575.0;-16663.0;13055.0;4096.0;5888.0;32;133;
148408836 ;63;2877.0;-1375.0;-5894.0;-1857.0;2295.0;-4180.0;-95.0;35.0;35.0;101;207;
148408841 ;64;3177.0;-1849.0;-6009.0;-1028.0;1777.0;-3265.0;-95.0;35.0;35.0;19;61;
148408853 ;65;3753.0;-2150.0;-5554.0;-270.0;1252.0;-2277.0;-110.0;20.0;34.0;156;94;
148408861 ;66;4105.0;-2280.0;-5174.0;444.0;1084.0;-1279.0;-110.0;20.0;34.0;9;155;
148408873 ;67;3817.0;-2171.0;-4791.0;1222.0;1195.0;-320.0;-109.0;21.0;37.0;25;87;
148408893 ;69;2587.0;-1851.0;-4666.0;3038.0;2102.0;1572.0;-110.0;20.0;32.0;26;248;
148408905 ;70;2234.0;-1581.0;-4470.0;3989.0;2945.0;2463.0;-110.0;20.0;32.0;19;79;
148408913 ;71;1939.0;-1001.0;-3947.0;5002.0;4126.0;3350.0;-115.0;19.0;19.0;67;137;
148408949 ;72;1495.0;-198.0;-3357.0;5974.0;5665.0;4024.0;-115.0;19.0;19.0;121;215;
148408951 ;74;1042.0;745.0;-963.0;7463.0;9058.0;5010.0;-102.0;26.0;4.0;211;221;
148408959 ;75;772.0;853.0;963.0;7691.0;9736.0;5496.0;-94.0;22.0;-20.0;32;254;
148408960 ;76;-420.0;1157.0;4529.0;7750.0;8742.0;5663.0;-94.0;22.0;-20.0;158;232;
148408975 ;77;-2400.0;2755.0;9695.0;6616.0;9473.0;5784.0;-70.0;32.0;-52.0;71;63;
148408981 ;78;-6484.0;3444.0;13182.0;5164.0;8004.0;5021.0;-70.0;32.0;-52.0;51;161;
148408993 ;79;-9643.0;3561.0;14921.0;3400.0;7607.0;3780.0;-46.0;24.0;-70.0;190;40;
148409001 ;80;-7078.0;-392.0;8650.0;2487.0;8675.0;4136.0;-46.0;24.0;-70.0;183;157;
148409013 ;81;-10125.0;113.0;1845.0;1862.0;6069.0;3259.0;-19.0;19.0;-79.0;2;136;
148409021 ;82;-10231.0;1959.0;609.0;1219.0;4069.0;1542.0;-19.0;19.0;-79.0;228;8;
148409033 ;83;-15536.0;5176.0;-264.0;708.0;-770.0;951.0;-2.0;18.0;-78.0;12;238;
148409045 ;84;-19731.0;3107.0;440.0;530.0;-2738.0;-1735.0;-2.0;18.0;-78.0;78;130;
148409053 ;85;-16090.0;-549.0;2115.0;-122.0;-4987.0;-2563.0;1.0;11.0;-81.0;43;183;
148409064 ;86;-8866.0;-4228.0;3653.0;-896.0;-6798.0;-1039.0;1.0;11.0;-81.0;242;156;
148409100 ;88;-152.0;-4601.0;5617.0;-2246.0;-5266.0;-1248.0;-15.0;15.0;-87.0;48;44;
148409101 ;89;1874.0;-2714.0;5435.0;-2663.0;-3016.0;-1087.0;-21.0;13.0;-85.0;158;76;
148409105 ;90;1412.0;-1411.0;4455.0;-3297.0;-1254.0;-1315.0;-21.0;13.0;-85.0;155;103;
148409119 ;91;742.0;-1524.0;3085.0;-3579.0;143.0;-1634.0;-34.0;20.0;-82.0;71;25;
148409123 ;92;599.0;-2133.0;1518.0;-3856.0;582.0;-1606.0;-34.0;20.0;-82.0;237;247;
148409134 ;93;354.0;-2690.0;259.0;-4105.0;186.0;-1506.0;-40.0;22.0;-62.0;199;215;
148409141 ;94;-61.0;-2700.0;-634.0;-4220.0;-566.0;-1459.0;-40.0;22.0;-62.0;101;85;
148409154 ;95;25.0;-2475.0;-1128.0;-4380.0;-1790.0;-1348.0;-47.0;35.0;-59.0;186;44;
148409161 ;96;812.0;-2519.0;-1818.0;-4595.0;-3243.0;-1085.0;-47.0;35.0;-59.0;110;238;
148409173 ;97;1854.0;-3069.0;-2044.0;-4836.0;-4387.0;-651.0;-46.0;32.0;-54.0;195;11;
148409185 ;98;2839.0;-3533.0;-2106.0;-4930.0;-4734.0;-145.0;-46.0;32.0;-54.0;209;49;
148409193 ;99;3451.0;-3453.0;-2283.0;-4965.0;-4262.0;277.0;-54.0;42.0;-38.0;72;64;
148409204 ;100;3410.0;-3423.0;-2660.0;-4541.0;-3362.0;535.0;-54.0;42.0;-38.0;247;133;
148409213 ;101;2456.0;-3485.0;-3118.0;-3770.0;-1690.0;659.0;-57.0;47.0;-21.0;84;212;
148409250 ;102;624.0;-3245.0;-4141.0;-2598.0;-222.0;632.0;-57.0;47.0;-21.0;83;41;
148409256 ;104;-876.0;-5008.0;-3929.0;-1166.0;648.0;776.0;-59.0;49.0;-11.0;0;232;
148409258 ;105;836.0;-5000.0;-4209.0;-690.0;951.0;1366.0;-55.0;57.0;-7.0;21;173;
148409261 ;106;2149.0;-4497.0;-4700.0;134.0;1674.0;1812.0;-55.0;57.0;-7.0;25;245;
148409273 ;107;2580.0;-3914.0;-4798.0;927.0;2403.0;2229.0;-56.0;54.0;-4.0;75;255;
148409281 ;108;2971.0;-3529.0;-4632.0;1744.0;2984.0;2693.0;-56.0;54.0;-4.0;74;238;
148409293 ;109;3285.0;-3042.0;-4256.0;2474.0;3293.0;3293.0;-45.0;57.0;-5.0;99;73;
148409301 ;110;3230.0;-2410.0;-3610.0;3054.0;3429.0;3927.0;-45.0;57.0;-5.0;123;101;
148409313 ;111;2722.0;-1946.0;-2998.0;3558.0;3483.0;4548.0;-36.0;50.0;-16.0;77;123;
148409325 ;112;2146.0;-1598.0;-2428.0;4006.0;3505.0;5104.0;-36.0;50.0;-16.0;171;145;
148409333 ;113;1630.0;-1120.0;-2005.0;4415.0;3652.0;5590.0;-20.0;48.0;-24.0;76;24;
148409344 ;114;1157.0;-655.0;-1623.0;4789.0;3950.0;6017.0;-20.0;48.0;-24.0;19;97;
148409353 ;115;252.0;-78.0;-1065.0;5096.0;4289.0;6296.0;-5.0;51.0;-29.0;167;69;
148409361 ;116;-791.0;541.0;-485.0;5310.0;4882.0;6413.0;-5.0;51.0;-29.0;231;37;
148409402 ;117;-1732.0;779.0;-383.0;5391.0;5239.0;6470.0;11.0;41.0;-47.0;115;199;
148409402 ;10;-6026.0;27630.0;11012.0;9983.0;-23275.0;-31212.0;2840.0;10496.0;-12032.0;255;4;
148409406 ;119;-8641.0;2150.0;1263.0;5246.0;5838.0;5364.0;39.0;25.0;-53.0;167;97;
148409415 ;120;-10194.0;2250.0;1364.0;4628.0;6639.0;5238.0;39.0;25.0;-53.0;149;175;
148409418 ;121;-12571.0;2446.0;109.0;4067.0;4542.0;5759.0;53.0;9.0;-57.0;180;188;
148409421 ;122;-14084.0;3210.0;-314.0;3808.0;1881.0;5615.0;53.0;9.0;-57.0;24;148;
148409433 ;123;-15120.0;4795.0;-2255.0;3594.0;-2269.0;5215.0;75.0;-7.0;-57.0;252;228;
148409445 ;124;-15659.0;7024.0;-5095.0;4494.0;-5312.0;3780.0;75.0;-7.0;-57.0;114;84;
148409453 ;125;-18121.0;11081.0;-2578.0;4342.0;-6911.0;1543.0;72.0;-18.0;-58.0;225;195;
148409465 ;126;-15054.0;10265.0;-873.0;4058.0;-8619.0;-362.0;72.0;-18.0;-58.0;29;175;
148409473 ;127;-6620.0;4906.0;2745.0;4200.0;-6569.0;-2544.0;63.0;-39.0;-71.0;61;109;
148409484 ;128;-2393.0;3698.0;7125.0;4374.0;-1914.0;-3104.0;63.0;-39.0;-71.0;254;124;
148409493 ;129;620.0;1730.0;7978.0;3377.0;881.0;-2655.0;44.0;-42.0;-90.0;24;114;
148409501 ;130;518.0;-980.0;7621.0;2512.0;3305.0;-1901.0;44.0;-42.0;-90.0;189;175;
148409513 ;131;-3134.0;-1113.0;6768.0;2456.0;5103.0;-1835.0;46.0;-52.0;-86.0;160;166;
148409552 ;132;-5561.0;-291.0;5980.0;1800.0;5281.0;-2105.0;46.0;-52.0;-86.0;81;169;
148409553 ;133;-5842.0;-885.0;4527.0;1155.0;4422.0;-2088.0;56.0;-56.0;-86.0;98;4;
148409554 ;134;-4888.0;-1535.0;3264.0;620.0;2846.0;-1889.0;56.0;-56.0;-86.0;33;217;
148409558 ;135;-4050.0;-2160.0;2384.0;149.0;1391.0;-1743.0;65.0;-53.0;-73.0;163;71;
148409565 ;136;-3228.0;-2273.0;2070.0;-53.0;517.0;-1525.0;65.0;-53.0;-73.0;212;60;
148409585 ;138;-922.0;-2566.0;1571.0;-420.0;-999.0;-955.0;64.0;-48.0;-82.0;154;208;
148409602 ;139;151.0;-3040.0;1043.0;-428.0;-1563.0;-530.0;61.0;-47.0;-81.0;77;19;
148409606 ;140;1193.0;-3610.0;270.0;-284.0;-1871.0;-42.0;61.0;-47.0;-81.0;100;42;
148409613 ;141;3005.0;-3886.0;-588.0;119.0;-2042.0;472.0;61.0;-43.0;-81.0;255;109;
148409624 ;142;4486.0;-4069.0;-1810.0;737.0;-2266.0;1116.0;61.0;-43.0;-81.0;95;227;
148409633 ;143;4500.0;-2786.0;-1961.0;1492.0;-2096.0;1639.0;58.0;-48.0;-88.0;125;177;
148409746 ;154;-5549.0;4572.0;1646.0;8761.0;-1111.0;2277.0;31.0;-119.0;-95.0;149;63;
148409753 ;155;-6034.0;5446.0;1840.0;8306.0;-2115.0;2397.0;22.0;-146.0;-88.0;131;207;
148409781 ;158;-9864.0;7087.0;-1039.0;7152.0;-7105.0;214.0;15.0;-161.0;-69.0;250;166;
148409794 ;159;-8272.0;7472.0;-310.0;6845.0;-6276.0;-337.0;-2.0;-170.0;-62.0;103;59;
148409815 ;161;-3066.0;9231.0;3192.0;5443.0;-4374.0;700.0;-9.0;-187.0;-45.0;118;84;
148409854 ;162;-1082.0;8959.0;4676.0;4256.0;-3019.0;477.0;-9.0;-187.0;-45.0;199;13;
148409859 ;165;-507.0;4648.0;6695.0;1434.0;503.0;400.0;-24.0;-192.0;-26.0;128;58;
148409868 ;253;3972.0;6404.0;734.0;1293.0;573.0;-24.0;-192.0;-26.0;8314.0;10;199;
148409888 ;168;-1650.0;3764.0;4474.0;-767.0;1598.0;581.0;-26.0;-202.0;-22.0;50;98;
148409893 ;169;-1789.0;3306.0;3448.0;-1368.0;1384.0;692.0;-19.0;-195.0;-19.0;35;161;
148409913 ;171;-910.0;1805.0;1505.0;-1774.0;1308.0;958.0;-21.0;-197.0;-25.0;52;102;
148409922 ;172;-329.0;1084.0;658.0;-1678.0;1704.0;1212.0;-21.0;-197.0;-25.0;66;50;
148409934 ;173;42.0;475.0;-136.0;-1448.0;2506.0;1439.0;-18.0;-196.0;-30.0;38;196;
148409961 ;176;-64.0;-562.0;-1826.0;-909.0;4621.0;1645.0;-23.0;-191.0;-33.0;65;195;
148410004 ;177;-755.0;-748.0;-2067.0;-667.0;4330.0;1690.0;-25.0;-193.0;-29.0;220;162;
148410007 ;178;-1121.0;-546.0;-1623.0;-503.0;4014.0;1945.0;-25.0;-193.0;-29.0;93;131;
148410011 ;180;-2514.0;281.0;-785.0;-804.0;1776.0;2291.0;-21.0;-189.0;-35.0;216;234;
148410013 ;181;-2927.0;523.0;-362.0;-766.0;898.0;2604.0;-23.0;-185.0;-39.0;197;75;
148410026 ;182;-3250.0;884.0;-737.0;-245.0;411.0;2917.0;-23.0;-185.0;-39.0;208;60;
148410033 ;183;-4262.0;1557.0;-477.0;267.0;-183.0;3230.0;-26.0;-192.0;-38.0;97;75;
148410051 ;185;-4822.0;1381.0;568.0;1662.0;-2462.0;3955.0;-39.0;-187.0;-35.0;244;32;
148410064 ;186;-3360.0;2548.0;975.0;2242.0;-3893.0;4435.0;-39.0;-187.0;-35.0;102;190;
148410073 ;187;-3376.0;4288.0;1902.0;3013.0;-5029.0;4562.0;-55.0;-189.0;-35.0;204;24;
148410095 ;189;-5713.0;8242.0;5436.0;3602.0;-8066.0;3921.0;-63.0;-185.0;-25.0;236;168;
148410101 ;190;-7283.0;10935.0;7270.0;3140.0;-10451.0;3036.0;-63.0;-185.0;-25.0;226;230;
148410113 ;191;-9362.0;14789.0;7597.0;2009.0;-14839.0;1655.0;-81.0;-179.0;-5.0;26;234;
148410121 ;192;-12877.0;16750.0;4934.0;1688.0;-17959.0;-727.0;-81.0;-179.0;-5.0;188;34;
148410158 ;194;-11391.0;13759.0;-3912.0;2588.0;-17703.0;-2505.0;-86.0;-178.0;16.0;200;56;
148410159 ;195;-5269.0;14684.0;-1527.0;-543.0;-15202.0;-1655.0;-79.0;-181.0;43.0;194;24;
148410166 ;196;3686.0;14793.0;-1067.0;-2326.0;-11670.0;-1766.0;-79.0;-181.0;43.0;136;206;
148410173 ;197;8418.0;15022.0;2774.0;-3290.0;-6920.0;-2454.0;-61.0;-187.0;57.0;77;143;
148410193 ;199;1294.0;8601.0;1368.0;-6040.0;-4850.0;-1129.0;-42.0;-194.0;60.0;70;216;
148410201 ;200;3043.0;9101.0;645.0;-6748.0;-4670.0;962.0;-42.0;-194.0;60.0;98;88;
148410214 ;201;5873.0;8756.0;809.0;-7626.0;-4850.0;1511.0;-38.0;-198.0;46.0;187;35;
148410221 ;202;7003.0;7242.0;934.0;-8408.0;-3979.0;1259.0;-38.0;-198.0;46.0;20;0;
148410241 ;204;6062.0;5303.0;1376.0;-6740.0;-613.0;1976.0;-38.0;-196.0;36.0;11;203;
148410253 ;205;4193.0;6399.0;1543.0;-6750.0;1352.0;2423.0;-42.0;-202.0;12.0;246;232;
148410261 ;206;1767.0;7074.0;2321.0;-7174.0;2577.0;1993.0;-42.0;-202.0;12.0;154;132;
148410305 ;208;-4770.0;9741.0;3849.0;-9059.0;2559.0;982.0;-50.0;-200.0;-12.0;225;251;
148410306 ;209;-7703.0;10699.0;4835.0;-10282.0;1257.0;223.0;-48.0;-194.0;-28.0;22;38;
148410310 ;210;-8301.0;10512.0;4457.0;-10699.0;1114.0;779.0;-48.0;-194.0;-28.0;135;181;
148410314 ;211;-6538.0;10120.0;3213.0;-10044.0;835.0;1875.0;-51.0;-179.0;-49.0;195;255;
148410329 ;212;-3793.0;9853.0;2249.0;-10131.0;615.0;2310.0;-51.0;-179.0;-49.0;53;213;
148410333 ;213;-1605.0;9479.0;1334.0;-10342.0;771.0;2121.0;-47.0;-159.0;-75.0;198;90;
148410342 ;214;-158.0;8813.0;290.0;-10412.0;1937.0;2018.0;-47.0;-159.0;-75.0;163;7;
148410355 ;215;614.0;8353.0;-595.0;-10328.0;3755.0;1760.0;-57.0;-131.0;-87.0;220;152;
148410361 ;216;1058.0;7964.0;-1520.0;-10262.0;5772.0;1124.0;-57.0;-131.0;-87.0;34;22;
148410375 ;217;1284.0;7913.0;-2593.0;-10505.0;7496.0;326.0;-37.0;-107.0;-97.0;108;50;
148410381 ;218;1407.0;6765.0;-3807.0;-10479.0;8483.0;-638.0;-37.0;-107.0;-97.0;216;184;
148410393 ;219;604.0;5389.0;-4645.0;-9987.0;8066.0;-1610.0;-18.0;-76.0;-110.0;163;65;
148410401 ;220;41.0;4295.0;-5087.0;-9338.0;7235.0;-2352.0;-18.0;-76.0;-110.0;202;214;
148410413 ;221;-247.0;3648.0;-5698.0;-8813.0;5777.0;-2759.0;-3.0;-47.0;-99.0;177;83;
148410421 ;222;-72.0;2883.0;-6308.0;-8239.0;3949.0;-3009.0;-3.0;-47.0;-99.0;23;169;
148410457 ;223;802.0;2003.0;-6730.0;-7410.0;2113.0;-2933.0;15.0;-21.0;-97.0;243;243;
148410458 ;224;2665.0;794.0;-7876.0;-6614.0;312.0;-2267.0;15.0;-21.0;-97.0;179;49;
148410464 ;225;3899.0;-668.0;-8497.0;-5801.0;-1330.0;-1596.0;17.0;1.0;-79.0;234;158;
148410465 ;226;5719.0;-3299.0;-9554.0;-4625.0;-2472.0;-1080.0;17.0;1.0;-79.0;192;210;
148410473 ;227;5864.0;-5715.0;-9067.0;-2553.0;-3577.0;-800.0;16.0;16.0;-74.0;185;107;
148410482 ;228;4905.0;-5196.0;-7672.0;57.0;-3028.0;-559.0;16.0;16.0;-74.0;207;197;
148410494 ;229;1081.0;-6395.0;-1886.0;2340.0;-2566.0;-821.0;9.0;13.0;-73.0;129;19;
148410502 ;230;1344.0;-11808.0;-3435.0;2964.0;-3536.0;977.0;9.0;13.0;-73.0;238;28;
148410515 ;231;5107.0;-7416.0;-3022.0;4396.0;-2852.0;1573.0;-1.0;7.0;-79.0;21;127;
148410521 ;232;5813.0;-4829.0;-1525.0;5422.0;-1154.0;1336.0;-1.0;7.0;-79.0;160;148;
148410533 ;233;4885.0;-4272.0;996.0;6035.0;-29.0;567.0;-4.0;4.0;-90.0;202;110;
148410541 ;234;3482.0;-4567.0;4025.0;6490.0;473.0;95.0;-4.0;4.0;-90.0;234;188;
148410553 ;235;1041.0;-2833.0;10171.0;5969.0;40.0;-6.0;-1.0;-13.0;-95.0;8;106;
148410564 ;236;-3676.0;-893.0;13122.0;5536.0;137.0;-270.0;-1.0;-13.0;-95.0;93;255;
148410573 ;237;-9054.0;790.0;21559.0;3532.0;343.0;-1034.0;-5.0;-25.0;-107.0;207;35;
148410609 ;238;-12124.0;1024.0;21096.0;1964.0;839.0;-1704.0;-5.0;-25.0;-107.0;12;182;
148410610 ;239;-7810.0;-4316.0;10434.0;-1197.0;-220.0;-758.0;-5.0;-33.0;-109.0;87;183;
148410620 ;240;-11754.0;-9313.0;-2694.0;-314.0;-4289.0;-315.0;-5.0;-33.0;-109.0;10;78;
148410623 ;241;-13545.0;-1072.0;-2915.0;1844.0;-4758.0;-3928.0;-9.0;-29.0;-105.0;241;213;
148410624 ;242;-2129.0;11064.0;133.0;3351.0;-3233.0;-2394.0;-9.0;-29.0;-105.0;42;140;
148410633 ;243;3234.0;11265.0;8679.0;825.0;5271.0;1010.0;-15.0;-33.0;-105.0;64;146;
148410641 ;244;1420.0;2684.0;11105.0;-5346.0;5259.0;-3527.0;-15.0;-33.0;-105.0;248;140;
148410655 ;245;-5631.0;1338.0;6266.0;-4113.0;4236.0;-4461.0;-15.0;-35.0;-105.0;56;204;
148410661 ;246;-3454.0;1029.0;136.0;-3619.0;1111.0;-3688.0;-15.0;-35.0;-105.0;57;119;
148410673 ;247;633.0;-977.0;-4192.0;-5076.0;-1559.0;-2549.0;2.0;-24.0;-102.0;211;103;
148410681 ;248;3725.0;-2038.0;-5744.0;-4678.0;-2220.0;-1171.0;2.0;-24.0;-102.0;20;200;
148410693 ;249;6221.0;-3610.0;-9326.0;-4371.0;-2114.0;-308.0;-13.0;-9.0;-91.0;178;254;
148410701 ;250;6922.0;-4925.0;-11746.0;-4054.0;-1724.0;172.0;-13.0;-9.0;-91.0;119;183;
148410716 ;251;7969.0;-6619.0;-15059.0;-2705.0;-586.0;55.0;-20.0;6.0;-88.0;72;96;
148410759 ;252;7184.0;-7227.0;-11823.0;-1601.0;104.0;-388.0;-20.0;6.0;-88.0;206;18;
148410760 ;253;6075.0;-10119.0;-7489.0;-1548.0;-1959.0;-380.0;-22.0;6.0;-88.0;65;21;
148410761 ;254;2555.0;-5179.0;5416.0;-1614.0;-1895.0;-307.0;-22.0;6.0;-88.0;182;104;
148410775 ;255;3144.0;-2844.0;1034.0;-690.0;-6168.0;-80.0;-27.0;11.0;-83.0;199;63;
148410776 ;0;1257.0;-11102.0;3971.0;1651.0;-4754.0;3257.0;-27.0;11.0;-83.0;83;61;
148410778 ;1;6011.0;-15759.0;-810.0;835.0;-4899.0;4058.0;-28.0;12.0;-84.0;84;62;
148410783 ;2;7273.0;-6815.0;-2040.0;2362.0;-654.0;2605.0;-28.0;12.0;-84.0;122;246;
148410797 ;3;6501.0;-5709.0;-1352.0;3270.0;2396.0;1235.0;-38.0;14.0;-90.0;147;119;
148410801 ;4;5545.0;-5076.0;1711.0;4088.0;5283.0;1082.0;-38.0;14.0;-90.0;65;247;
148410813 ;157;2592.0;-6394.0;5610.0;-25872.0;-9942.0;7183.0;-8675.0;-7425.0;1279.0;0;166;
148410833 ;7;-8930.0;-1595.0;20199.0;3697.0;12950.0;-613.0;-15.0;-9.0;-97.0;130;160;
148410841 ;8;-6999.0;-2828.0;8714.0;2359.0;13059.0;-452.0;-15.0;-9.0;-97.0;7;237;
148410853 ;9;-12434.0;-3682.0;-7660.0;2863.0;10982.0;285.0;13.0;-11.0;-99.0;250;138;
148410865 ;10;-22391.0;6467.0;-4153.0;2076.0;7891.0;-4808.0;13.0;-11.0;-99.0;78;26;
148410876 ;11;-15472.0;12511.0;2747.0;-738.0;6979.0;-1974.0;36.0;-20.0;-96.0;197;77;
148410914 ;12;-13695.0;3522.0;6686.0;-50.0;-813.0;-4151.0;36.0;-20.0;-96.0;138;246;
148410922 ;13;-10342.0;510.0;6170.0;-692.0;-3857.0;-5659.0;52.0;-12.0;-84.0;161;89;
148410936 ;17;14723.0;-315.0;-4396.0;-6256.0;-7194.0;-819.0;12.0;10.0;-82.0;72;148;
148410953 ;19;21468.0;-2319.0;-13345.0;-5528.0;-4157.0;584.0;-10.0;18.0;-82.0;255;11;
148410960 ;20;14946.0;-1508.0;-10689.0;-4640.0;-3475.0;-244.0;-10.0;18.0;-82.0;240;66;
148410973 ;21;5908.0;-4741.0;-11257.0;554.0;-1040.0;-171.0;-9.0;41.0;-65.0;245;145;
148410982 ;22;-4735.0;-17629.0;-6051.0;2953.0;-2096.0;4403.0;-9.0;41.0;-65.0;77;155;
148410993 ;23;8748.0;-13536.0;-7016.0;3719.0;-2790.0;7561.0;-18.0;38.0;-66.0;16;32;
148411005 ;23;12824.0;-5594.0;-31002.0;-13077.0;-20458.0;-22521.0;-4581.0;9983.0;-16896.0;255;7;
148411013 ;25;7366.0;-5707.0;-5539.0;7020.0;4845.0;5304.0;-6.0;22.0;-74.0;32;124;
148411024 ;26;4030.0;-6039.0;-1424.0;7919.0;5938.0;4396.0;-6.0;22.0;-74.0;35;57;
148411064 ;27;2571.0;-6165.0;-568.0;8786.0;5925.0;4681.0;20.0;8.0;-84.0;195;95;
148411065 ;28;951.0;-5620.0;1767.0;9137.0;4121.0;5305.0;20.0;8.0;-84.0;116;252;
148411066 ;29;-915.0;-4761.0;6188.0;8806.0;1520.0;5609.0;34.0;-16.0;-94.0;117;37;
148411075 ;30;-5272.0;-1852.0;9642.0;7731.0;-28.0;5466.0;34.0;-16.0;-94.0;123;13;
148411081 ;32;-30878.0;1330.0;10440.0;4542.0;-4268.0;-141.0;46.0;-42.0;-98.0;126;198;
148411093 ;33;-32767.0;6952.0;-1861.0;5346.0;-9177.0;24.0;44.0;-64.0;-104.0;85;155;
148411113 ;35;-24931.0;20478.0;5043.0;6623.0;-18189.0;-6242.0;18.0;-76.0;-112.0;23;217;
148411124 ;36;10746.0;17240.0;15442.0;5893.0;-11408.0;-1507.0;18.0;-76.0;-112.0;100;200;
148411135 ;37;25063.0;19564.0;23691.0;-3726.0;2339.0;5159.0;-35.0;-83.0;-117.0;18;224;
148411146 ;38;16014.0;14741.0;16091.0;-16199.0;4324.0;-3368.0;-35.0;-83.0;-117.0;76;86;
148411164 ;40;2751.0;4095.0;-1641.0;-7225.0;5908.0;-3830.0;-40.0;-82.0;-112.0;156;236;
148411175 ;41;4136.0;4800.0;-8431.0;-8061.0;3458.0;-3380.0;-19.0;-57.0;-113.0;61;175;
148411181 ;42;6851.0;3124.0;-10858.0;-7626.0;3107.0;-1889.0;-19.0;-57.0;-113.0;250;100;
148411214 ;43;8115.0;2934.0;-13701.0;-6921.0;4855.0;-1173.0;-15.0;-31.0;-111.0;151;121;
148411215 ;44;8721.0;-197.0;-13999.0;-7007.0;6673.0;-2603.0;-15.0;-31.0;-111.0;183;121;
148411221 ;46;-1918.0;-2428.0;-4101.0;-5456.0;7083.0;-6443.0;1.0;-9.0;-97.0;230;168;
148411233 ;47;-5228.0;-7141.0;2180.0;-7959.0;6775.0;-8252.0;11.0;7.0;-89.0;24;34;
148411241 ;48;-4216.0;137.0;2927.0;-5749.0;4012.0;-5080.0;11.0;7.0;-89.0;207;193;
148411261 ;50;14355.0;-6095.0;-12232.0;-3442.0;-12083.0;-1791.0;13.0;29.0;-73.0;191;195;
148411286 ;52;15686.0;-11466.0;-14669.0;2169.0;-4782.0;4815.0;-1.0;39.0;-61.0;235;253;
148411293 ;53;13224.0;-8216.0;-15890.0;6397.0;1633.0;4746.0;-15.0;45.0;-61.0;167;153;
148411304 ;54;10573.0;-6329.0;-11277.0;9222.0;5099.0;4247.0;-15.0;45.0;-61.0;120;186;
148411313 ;55;8158.0;-4037.0;-6992.0;10901.0;5941.0;4304.0;-7.0;27.0;-75.0;207;73;
148411321 ;56;6283.0;-1324.0;-2253.0;12003.0;5314.0;4674.0;-7.0;27.0;-75.0;255;119;
148411333 ;57;4741.0;824.0;5122.0;12186.0;3686.0;4912.0;14.0;6.0;-94.0;128;2;
148411365 ;58;2788.0;1873.0;12754.0;11394.0;240.0;5335.0;14.0;6.0;-94.0;235;131;
148411366 ;59;-9436.0;6629.0;24928.0;7239.0;-5166.0;4316.0;28.0;-24.0;-106.0;199;223;
148411374 ;60;-32767.0;9074.0;30647.0;3393.0;-9580.0;1208.0;28.0;-24.0;-106.0;186;218;
148411375 ;61;-32767.0;-3196.0;2569.0;4820.0;-7426.0;-1628.0;20.0;-44.0;-114.0;73;43;
148411381 ;62;-32767.0;9863.0;-10590.0;5916.0;-16994.0;-5131.0;20.0;-44.0;-114.0;240;56;
148411401 ;64;32767.0;32767.0;31373.0;7667.0;-1571.0;11975.0;-4.0;-64.0;-122.0;135;251;
148411413 ;65;26341.0;30536.0;25223.0;-18538.0;8480.0;6871.0;-54.0;-90.0;-116.0;214;192;
148411425 ;66;-232.0;-2065.0;18804.0;-9167.0;-939.0;-2095.0;-54.0;-90.0;-116.0;69;215;
148411433 ;67;7252.0;-526.0;-3973.0;-6326.0;8946.0;2210.0;-40.0;-56.0;-116.0;79;17;
148411444 ;68;4864.0;2007.0;-15733.0;-6646.0;8112.0;1468.0;-40.0;-56.0;-116.0;85;125;
148411461 ;70;11638.0;-355.0;-22975.0;-6194.0;15757.0;512.0;-22.0;-36.0;-114.0;103;111;
148411474 ;71;20503.0;-5931.0;-23870.0;-5464.0;21139.0;173.0;7.0;-17.0;-99.0;174;44;
148411482 ;72;1824.0;-4586.0;-21446.0;-3513.0;18486.0;-6042.0;7.0;-17.0;-99.0;25;27;
148411516 ;74;-26824.0;-32767.0;32767.0;-97.0;14022.0;-905.0;54.0;4.0;-78.0;58;170;
148411520 ;75;-6044.0;32767.0;3421.0;-2156.0;-18879.0;-2097.0;72.0;20.0;-48.0;28;226;
148411524 ;76;15156.0;-32767.0;-12346.0;876.0;-28473.0;13658.0;72.0;20.0;-48.0;123;197;
148411533 ;77;26446.0;-29912.0;-16357.0;3567.0;-12687.0;8063.0;61.0;19.0;-59.0;167;31;
148411541 ;78;20765.0;-6595.0;-6066.0;8129.0;-1602.0;5718.0;61.0;19.0;-59.0;86;152;
148411553 ;79;9558.0;-5235.0;-8654.0;8822.0;3510.0;4823.0;42.0;4.0;-90.0;147;193;
148411574 ;81;-23220.0;6311.0;24714.0;8656.0;-1367.0;1871.0;59.0;-25.0;-97.0;190;110;
148411585 ;82;-32767.0;14602.0;32422.0;959.0;-1868.0;-1543.0;59.0;-25.0;-97.0;131;161;
148411594 ;83;-26557.0;1235.0;13095.0;1200.0;-10185.0;-1476.0;59.0;-49.0;-99.0;39;149;
148411603 ;84;-29224.0;-6295.0;-17459.0;5837.0;-14469.0;-703.0;59.0;-49.0;-99.0;195;97;
148411614 ;85;-12922.0;9761.0;8980.0;4654.0;-12933.0;-8328.0;36.0;-46.0;-110.0;181;77;
148411621 ;86;20389.0;16169.0;17361.0;1813.0;5480.0;-2146.0;36.0;-46.0;-110.0;164;112;
148411669 ;87;8148.0;12753.0;21446.0;-2090.0;20128.0;2392.0;0.0;-56.0;-124.0;245;17;
148411670 ;88;-10675.0;2228.0;16383.0;204.0;13365.0;-5071.0;0.0;-56.0;-124.0;59;201;
148411671 ;89;-9751.0;5313.0;10029.0;-4781.0;7311.0;-6782.0;43.0;-57.0;-109.0;67;169;
148411675 ;90;4111.0;457.0;3993.0;-6218.0;2598.0;-6090.0;43.0;-57.0;-109.0;131;237;
148411676 ;91;17521.0;-2851.0;-3603.0;-5366.0;4081.0;-3379.0;64.0;-34.0;-90.0;95;105;
148411681 ;92;22115.0;-3130.0;-2406.0;-5827.0;5347.0;-1497.0;64.0;-34.0;-90.0;136;220;
148411694 ;93;32214.0;-8408.0;-7759.0;-6710.0;5893.0;-33.0;75.0;-15.0;-83.0;3;113;
148411706 ;94;21528.0;-9113.0;-11190.0;-3771.0;11341.0;963.0;75.0;-15.0;-83.0;177;31;
148411713 ;95;8176.0;-6860.0;-12377.0;-2178.0;13579.0;-1851.0;83.0;1.0;-61.0;175;199;
148411724 ;96;491.0;-10681.0;-10711.0;-1449.0;14408.0;-2703.0;83.0;1.0;-61.0;223;249;
148411733 ;97;-17522.0;-10926.0;3692.0;-1961.0;6761.0;-2064.0;101.0;1.0;-27.0;120;62;
148411741 ;98;415.0;-5020.0;114.0;-4488.0;-12262.0;7353.0;101.0;1.0;-27.0;93;171;
148411754 ;99;17352.0;6669.0;-4403.0;-357.0;-20379.0;10864.0;107.0;7.0;-13.0;38;124;
148411761 ;100;10231.0;-11027.0;-3709.0;2079.0;-19467.0;11026.0;107.0;7.0;-13.0;81;221;
148411775 ;101;4781.0;-5253.0;-1508.0;5206.0;-10460.0;9699.0;103.0;-21.0;-53.0;82;182;
148411781 ;102;-13123.0;5304.0;1700.0;7324.0;-6747.0;6219.0;103.0;-21.0;-53.0;79;231;
148411818 ;103;-15580.0;7699.0;12243.0;7457.0;-4305.0;2662.0;88.0;-48.0;-84.0;73;239;
148411819 ;104;-14330.0;12206.0;16789.0;5219.0;-5076.0;3871.0;88.0;-48.0;-84.0;162;90;
148411821 ;105;-20326.0;14103.0;6404.0;3714.0;-12196.0;290.0;80.0;-70.0;-94.0;209;63;
148411823 ;106;-20055.0;10584.0;-825.0;7168.0;-12442.0;-942.0;80.0;-70.0;-94.0;123;65;
148411834 ;107;-13260.0;12768.0;5760.0;5830.0;-9230.0;-3923.0;48.0;-88.0;-110.0;234;80;
148411846 ;108;3120.0;10196.0;8676.0;2957.0;-6604.0;-6733.0;48.0;-88.0;-110.0;132;68;
148411853 ;109;21049.0;5462.0;18375.0;1091.0;5662.0;-5095.0;25.0;-101.0;-123.0;82;82;
148411864 ;110;14548.0;-2947.0;14032.0;-357.0;18946.0;-550.0;25.0;-101.0;-123.0;14;202;
148411873 ;111;-10746.0;986.0;6628.0;1574.0;18097.0;-864.0;35.0;-109.0;-117.0;77;1;
148411881 ;112;-13214.0;4550.0;5733.0;-1510.0;9889.0;-2202.0;35.0;-109.0;-117.0;145;157;
148411894 ;113;-9247.0;1885.0;9351.0;-3635.0;5642.0;-2092.0;83.0;-105.0;-85.0;162;244;
148411902 ;114;-5204.0;2160.0;7104.0;-3697.0;2974.0;-3183.0;83.0;-105.0;-85.0;198;90;
148411915 ;115;-3342.0;1517.0;5017.0;-5083.0;1141.0;-4187.0;95.0;-89.0;-75.0;246;132;
148411923 ;116;-10.0;-1336.0;483.0;-5430.0;-128.0;-3624.0;95.0;-89.0;-75.0;238;188;
148411934 ;117;1332.0;-1935.0;-891.0;-5458.0;-660.0;-2719.0;101.0;-71.0;-71.0;238;186;
148411968 ;118;2525.0;-2520.0;-2101.0;-5063.0;-723.0;-2332.0;101.0;-71.0;-71.0;100;24;
148411970 ;119;2261.0;-2929.0;-3827.0;-4549.0;-666.0;-2059.0;99.0;-47.0;-71.0;98;64;
148411973 ;120;2310.0;-3886.0;-6294.0;-4043.0;-1293.0;-1726.0;99.0;-47.0;-71.0;252;142;
148411976 ;121;2598.0;-5418.0;-7115.0;-3342.0;-2728.0;-1037.0;95.0;-37.0;-65.0;194;12;
148411985 ;122;2785.0;-6883.0;-7491.0;-2852.0;-4983.0;-20.0;95.0;-37.0;-65.0;87;121;
148411993 ;123;2338.0;-8217.0;-5547.0;-2579.0;-6689.0;970.0;93.0;-29.0;-75.0;59;29;
148412004 ;124;4462.0;-8686.0;-2563.0;-2376.0;-6831.0;1544.0;93.0;-29.0;-75.0;236;18;
148412012 ;125;6828.0;-4507.0;-3934.0;-646.0;-6358.0;2200.0;81.0;-25.0;-83.0;93;249;
148412025 ;126;6787.0;-484.0;-478.0;1288.0;-4508.0;3505.0;81.0;-25.0;-83.0;127;211;
148412033 ;127;5410.0;1374.0;4351.0;4304.0;-1326.0;2474.0;71.0;-27.0;-99.0;120;162;
148412041 ;128;4352.0;-8793.0;2309.0;3546.0;318.0;3114.0;71.0;-27.0;-99.0;112;60;
148412056 ;129;2113.0;-3463.0;-398.0;3527.0;1141.0;3448.0;67.0;-39.0;-103.0;84;40;
148412064 ;130;95.0;-2259.0;-1275.0;4063.0;238.0;3614.0;67.0;-39.0;-103.0;234;254;
148412073 ;131;245.0;-1524.0;-997.0;4601.0;82.0;3430.0;68.0;-56.0;-106.0;46;134;
148412082 ;132;-269.0;-934.0;171.0;5333.0;636.0;3233.0;68.0;-56.0;-106.0;84;166;
148412119 ;133;-921.0;-654.0;1585.0;6079.0;1409.0;3258.0;68.0;-72.0;-102.0;110;112;
148412120 ;26;-23814.0;24574.0;-31474.0;-23783.0;7942.0;17421.0;-18432.0;-25857.0;-9985.0;32;222;
148412129 ;136;-8162.0;1427.0;9071.0;5608.0;-93.0;2400.0;74.0;-94.0;-102.0;102;60;
148412133 ;137;-11531.0;5138.0;14029.0;3485.0;-205.0;2018.0;73.0;-119.0;-99.0;213;157;
148412144 ;138;-14180.0;4814.0;11083.0;2366.0;-1064.0;2315.0;73.0;-119.0;-99.0;9;3;
148412153 ;139;-14162.0;-2631.0;3827.0;2539.0;-3227.0;1205.0;71.0;-129.0;-93.0;70;40;
148412161 ;140;-14299.0;-1892.0;-1517.0;3988.0;-5723.0;-120.0;71.0;-129.0;-93.0;99;253;
148412174 ;141;-10668.0;5445.0;3707.0;2150.0;-6772.0;-951.0;59.0;-137.0;-95.0;57;95;
148412183 ;142;-5968.0;11482.0;4026.0;3599.0;-5868.0;1081.0;59.0;-137.0;-95.0;199;147;
148412196 ;143;6813.0;11753.0;13960.0;2504.0;-646.0;3397.0;44.0;-144.0;-102.0;18;144;
148412203 ;144;6983.0;4950.0;16165.0;-4818.0;1357.0;162.0;44.0;-144.0;-102.0;44;86;
148412214 ;145;1138.0;-118.0;17518.0;-953.0;5777.0;-1881.0;37.0;-153.0;-99.0;28;46;
148412221 ;146;-3666.0;4772.0;10475.0;-2551.0;5580.0;-1637.0;37.0;-153.0;-99.0;191;9;
148412233 ;147;-565.0;82.0;5856.0;-4968.0;3436.0;-2119.0;49.0;-147.0;-99.0;179;177;
148412269 ;148;-1656.0;-2078.0;2840.0;-4381.0;3064.0;-1958.0;49.0;-147.0;-99.0;154;84;
148412270 ;149;-2603.0;-1932.0;1855.0;-3976.0;3113.0;-1805.0;66.0;-126.0;-92.0;41;233;
148412273 ;150;-4227.0;-2195.0;126.0;-4387.0;3092.0;-2212.0;66.0;-126.0;-92.0;178;46;
148412275 ;151;-5112.0;-2590.0;1030.0;-4559.0;2863.0;-2817.0;77.0;-115.0;-91.0;95;217;
148412283 ;152;-6736.0;-2967.0;803.0;-4046.0;2909.0;-2730.0;77.0;-115.0;-91.0;44;8;
148412294 ;153;-7428.0;-3385.0;-347.0;-3547.0;1580.0;-3394.0;77.0;-99.0;-89.0;133;5;
148412301 ;154;-6827.0;-3180.0;-582.0;-3185.0;-220.0;-3429.0;77.0;-99.0;-89.0;253;153;
148412313 ;155;-6081.0;-2747.0;154.0;-3158.0;-2000.0;-2907.0;87.0;-81.0;-91.0;199;209;
148412321 ;156;-4959.0;-2064.0;487.0;-3110.0;-3514.0;-2436.0;87.0;-81.0;-91.0;66;80;
148412335 ;157;-3585.0;-1435.0;2070.0;-3341.0;-3674.0;-2455.0;86.0;-74.0;-92.0;189;181;
148412341 ;158;-408.0;328.0;4270.0;-3699.0;-1468.0;-2736.0;86.0;-74.0;-92.0;228;246;
148412353 ;159;1454.0;724.0;2997.0;-3803.0;1709.0;-2328.0;74.0;-58.0;-100.0;99;7;
148412361 ;160;2223.0;1129.0;2416.0;-3441.0;5816.0;-2530.0;74.0;-58.0;-100.0;116;18;
148412374 ;161;1231.0;1020.0;-559.0;-2823.0;8446.0;-2545.0;83.0;-45.0;-99.0;60;164;
148412381 ;162;-2355.0;-242.0;-2738.0;-1450.0;7229.0;-2729.0;83.0;-45.0;-99.0;149;203;
148412421 ;163;-3963.0;-226.0;-2482.0;-431.0;6497.0;-2573.0;88.0;-28.0;-78.0;64;122;
148412424 ;164;-1236.0;549.0;-3335.0;77.0;3436.0;-1291.0;88.0;-28.0;-78.0;168;88;
148412425 ;165;3924.0;-209.0;-3258.0;782.0;932.0;199.0;107.0;-21.0;-63.0;45;157;
148412430 ;166;6329.0;-2201.0;-2830.0;1521.0;194.0;1422.0;107.0;-21.0;-63.0;69;71;
148412433 ;167;6521.0;-3346.0;-2419.0;2341.0;563.0;2043.0;104.0;-22.0;-60.0;63;45;
148412441 ;168;4930.0;-2971.0;-2110.0;3357.0;351.0;2805.0;104.0;-22.0;-60.0;214;128;
148412453 ;169;3144.0;-2878.0;-1048.0;4255.0;-433.0;3538.0;111.0;-33.0;-65.0;166;12;
148412461 ;170;1836.0;-2919.0;1217.0;5057.0;-1283.0;3937.0;111.0;-33.0;-65.0;159;183;
148412476 ;171;-380.0;-3015.0;3442.0;5542.0;-2477.0;3863.0;113.0;-47.0;-67.0;42;90;
148412484 ;172;-4580.0;-1214.0;5714.0;5642.0;-806.0;3070.0;113.0;-47.0;-67.0;129;91;
148412493 ;173;-10234.0;35.0;12408.0;4871.0;290.0;2135.0;108.0;-62.0;-76.0;252;64;
148412501 ;174;-15995.0;791.0;15588.0;3500.0;566.0;315.0;108.0;-62.0;-76.0;101;185;
148412513 ;175;-18357.0;-33.0;17613.0;1305.0;824.0;-43.0;109.0;-81.0;-77.0;197;163;
148412521 ;176;-15460.0;-5491.0;11847.0;-586.0;-1985.0;622.0;109.0;-81.0;-77.0;76;90;
148412533 ;177;-17041.0;-10228.0;1928.0;-580.0;-6804.0;1406.0;105.0;-85.0;-69.0;212;216;
148412571 ;178;-25851.0;-3289.0;-9750.0;1862.0;-9926.0;-3966.0;105.0;-85.0;-69.0;248;72;
148412573 ;179;-13441.0;14283.0;4751.0;224.0;-10306.0;-7185.0;97.0;-89.0;-81.0;198;160;
148412574 ;180;2833.0;14512.0;10936.0;2420.0;-3804.0;-800.0;97.0;-89.0;-81.0;231;67;
148412581 ;181;6011.0;4233.0;10985.0;-6832.0;1784.0;-2697.0;68.0;-76.0;-106.0;72;6;
148412583 ;182;-2670.0;-570.0;15331.0;-2879.0;2731.0;-6716.0;68.0;-76.0;-106.0;231;203;
148412594 ;183;-6313.0;2452.0;6968.0;-1888.0;4915.0;-7221.0;69.0;-59.0;-103.0;60;218;
148412601 ;184;-4942.0;1955.0;2637.0;-5479.0;1278.0;-7107.0;69.0;-59.0;-103.0;200;102;
148412615 ;185;-3738.0;-150.0;-78.0;-5395.0;-158.0;-6484.0;83.0;-49.0;-93.0;225;51;
148412621 ;186;-2076.0;-1100.0;-2731.0;-4858.0;-1514.0;-6141.0;83.0;-49.0;-93.0;105;191;
148412633 ;187;-23.0;-912.0;-2990.0;-5221.0;-2347.0;-5919.0;68.0;-16.0;-86.0;117;233;
148412643 ;188;1924.0;-1052.0;-3956.0;-5528.0;-2672.0;-5696.0;68.0;-16.0;-86.0;40;166;
148412656 ;189;2518.0;-1515.0;-4490.0;-5324.0;-2900.0;-5298.0;60.0;6.0;-90.0;24;126;
148412661 ;190;868.0;-1645.0;-3427.0;-5568.0;-3128.0;-5566.0;60.0;6.0;-90.0;98;172;
148412674 ;191;-1331.0;-436.0;649.0;-6212.0;-2782.0;-6080.0;40.0;30.0;-82.0;90;216;
148412685 ;192;-618.0;-880.0;698.0;-7718.0;-1911.0;-5817.0;40.0;30.0;-82.0;36;214;
148412721 ;193;675.0;-1668.0;-327.0;-7199.0;-777.0;-5570.0;28.0;42.0;-72.0;152;36;
148412723 ;194;1684.0;-421.0;-2238.0;-6267.0;-811.0;-4873.0;28.0;42.0;-72.0;53;75;
148412724 ;195;1095.0;2216.0;-3304.0;-5990.0;-668.0;-4498.0;2.0;68.0;-46.0;73;225;
148412729 ;196;3468.0;1774.0;-5382.0;-4810.0;-312.0;-4052.0;2.0;68.0;-46.0;123;205;
148412741 ;198;5383.0;-3204.0;-8146.0;163.0;1612.0;-2479.0;-15.0;73.0;-37.0;216;146;
148412756 ;199;2843.0;-3087.0;-8207.0;1837.0;1447.0;-2433.0;-19.0;79.0;-31.0;59;147;
148412761 ;200;3907.0;-4470.0;-8348.0;3302.0;347.0;-1193.0;-19.0;79.0;-31.0;186;46;
148412773 ;201;9561.0;-3501.0;-7008.0;5034.0;-349.0;942.0;-26.0;76.0;-36.0;85;69;
148412781 ;202;10687.0;-2122.0;-4444.0;6490.0;734.0;2012.0;-26.0;76.0;-36.0;93;79;
148412793 ;203;9769.0;-1208.0;-835.0;7478.0;1037.0;2147.0;-26.0;68.0;-52.0;3;59;
148412801 ;204;8216.0;-1446.0;4218.0;7987.0;358.0;2057.0;-26.0;68.0;-52.0;202;48;
148412813 ;205;5258.0;-69.0;10642.0;6749.0;-34.0;1999.0;-15.0;53.0;-73.0;15;91;
148412825 ;206;1705.0;751.0;15556.0;4793.0;-246.0;2331.0;-15.0;53.0;-73.0;107;97;
148412833 ;207;-5799.0;788.0;20294.0;2744.0;-2429.0;1879.0;-12.0;40.0;-88.0;66;168;
148412873 ;208;-13174.0;1574.0;25915.0;1406.0;-2156.0;143.0;-12.0;40.0;-88.0;123;33;
148412875 ;209;-10740.0;-5172.0;12121.0;-246.0;542.0;-903.0;-12.0;28.0;-98.0;102;106;
148412879 ;210;-11163.0;-13873.0;-3450.0;-1232.0;-2226.0;-416.0;-12.0;28.0;-98.0;191;161;
148412880 ;211;-14191.0;-1885.0;62.0;975.0;-5417.0;-1750.0;-11.0;33.0;-97.0;152;172;
148412885 ;212;30.0;18861.0;7811.0;2960.0;-4171.0;180.0;-11.0;33.0;-97.0;89;167;
148412896 ;213;-1052.0;10383.0;18200.0;-2809.0;6072.0;5004.0;-33.0;29.0;-97.0;247;135;
148412902 ;214;-8117.0;10928.0;9560.0;-7664.0;381.0;-2523.0;-33.0;29.0;-97.0;166;176;
148412902 ;215;1069.0;-1829.0;1184.0;-4674.0;1817.0;-4899.0;-19.0;31.0;-91.0;236;120;
148412921 ;216;5110.0;-2585.0;-6894.0;-5363.0;1814.0;-2679.0;-19.0;31.0;-91.0;32;46;
148412933 ;217;3721.0;-712.0;-11596.0;-4866.0;1191.0;-1427.0;-23.0;49.0;-73.0;32;158;
148412941 ;218;5555.0;-2393.0;-21101.0;-4980.0;857.0;-764.0;-23.0;49.0;-73.0;77;149;
148412953 ;219;6143.0;-4546.0;-22982.0;-4311.0;143.0;358.0;-26.0;58.0;-64.0;19;103;
148412965 ;220;8059.0;-5765.0;-21173.0;-1675.0;2925.0;190.0;-26.0;58.0;-64.0;126;174;
148412973 ;221;5943.0;12095.0;10711.0;-1313.0;-841.0;252.0;-33.0;65.0;-55.0;50;252;
148412984 ;222;-1864.0;-2449.0;5811.0;-1430.0;-7526.0;389.0;-33.0;65.0;-55.0;51;179;
148413023 ;223;7752.0;2999.0;720.0;2269.0;-5194.0;1981.0;-28.0;66.0;-50.0;63;151;
148413024 ;224;4154.0;-18823.0;-1362.0;561.0;-4937.0;6770.0;-28.0;66.0;-50.0;127;19;
148413025 ;225;4619.0;-3131.0;-9904.0;2832.0;-1158.0;6455.0;-33.0;61.0;-53.0;206;240;
148413029 ;226;4325.0;-5339.0;-8043.0;4182.0;532.0;5253.0;-33.0;61.0;-53.0;128;110;
148413036 ;227;2250.0;553.0;-5298.0;6378.0;2899.0;3939.0;-15.0;63.0;-55.0;12;68;
148413041 ;228;-206.0;884.0;-881.0;7837.0;5411.0;3566.0;-15.0;63.0;-55.0;38;86;
148413053 ;229;-2816.0;294.0;1327.0;8910.0;7063.0;4297.0;5.0;49.0;-77.0;194;246;
148413061 ;230;-1575.0;-598.0;3938.0;9262.0;7988.0;4867.0;5.0;49.0;-77.0;157;159;
148413073 ;231;1525.0;-818.0;3918.0;9483.0;5957.0;5864.0;28.0;30.0;-88.0;157;153;
148413081 ;232;1119.0;911.0;6051.0;7859.0;2477.0;5805.0;28.0;30.0;-88.0;236;70;
148413093 ;233;-1741.0;1561.0;4910.0;6293.0;4310.0;6348.0;50.0;2.0;-102.0;227;225;
148413105 ;234;-10033.0;2360.0;2915.0;5472.0;2114.0;4957.0;50.0;2.0;-102.0;102;170;
148413113 ;235;-20454.0;1915.0;-5052.0;6507.0;-1733.0;2620.0;68.0;-24.0;-104.0;81;13;
148413124 ;236;-21858.0;10499.0;8970.0;3937.0;-6698.0;-1146.0;68.0;-24.0;-104.0;37;229;
148413133 ;237;-10323.0;5669.0;10073.0;3906.0;-6319.0;-258.0;68.0;-46.0;-110.0;129;15;
148413141 ;238;4548.0;4186.0;16085.0;5745.0;-809.0;3273.0;68.0;-46.0;-110.0;63;61;
148413175 ;239;10262.0;1824.0;17700.0;-1131.0;2140.0;2223.0;47.0;-59.0;-121.0;11;77;
148413180 ;240;2703.0;-361.0;16003.0;1230.0;8226.0;720.0;47.0;-59.0;-121.0;104;252;
148413181 ;241;-3243.0;555.0;6397.0;-200.0;7553.0;-224.0;55.0;-75.0;-121.0;10;48;
148413183 ;242;-6581.0;-975.0;4131.0;-2615.0;5261.0;-479.0;55.0;-75.0;-121.0;156;244;
148413194 ;243;-6073.0;-3199.0;3753.0;-2958.0;3723.0;279.0;75.0;-71.0;-101.0;43;223;
148413202 ;244;-4227.0;-4146.0;2024.0;-3466.0;3395.0;1069.0;75.0;-71.0;-101.0;188;8;
148413213 ;245;-4552.0;-3950.0;1344.0;-3963.0;3245.0;751.0;84.0;-56.0;-94.0;231;41;
148413221 ;246;-4310.0;-4177.0;-858.0;-3611.0;3390.0;147.0;84.0;-56.0;-94.0;233;137;
148413233 ;247;-3050.0;-4225.0;-3463.0;-3320.0;2243.0;294.0;97.0;-55.0;-83.0;198;54;
148413245 ;248;-2067.0;-4463.0;-4806.0;-3257.0;174.0;1002.0;97.0;-55.0;-83.0;86;150;
148413253 ;249;-1121.0;-4929.0;-4808.0;-2938.0;-1820.0;1436.0;102.0;-46.0;-80.0;106;194;
148413264 ;250;627.0;-6003.0;-4371.0;-3017.0;-3391.0;1709.0;102.0;-46.0;-80.0;96;152;
148413273 ;251;4081.0;-7794.0;-5811.0;-2630.0;-4916.0;1760.0;102.0;-44.0;-78.0;1;109;
